;-------Name----------------Type--EPos--Effect--ETValue--------MaxLife--MFixC--Spr--SFrame--Price--Wgt--ApprV-Speed--L.Lmt 
Item = XelimaBlade 1 9 24 5 3 3 3 13 3 8000 1 1 13 50000 22000 11 11 0 0 60 0 8 1 0 200 200 200 1 1 180
Item = XelimaAxe 1 9 24 4 5 4 3 10 2 5000 1 1 12 50000 32000 26 13 0 0 60 0 10 1 0 0 0 0 1 1 180
Item = XelimaRapier 1 8 24 4 4 3 3 7 2 5000 1 1 14 45000 1100 7 3 0 0 60 0 9 1 0 0 0 0 0 1 150

Item  = -		      0     0     0     0  0 0  0 0 0   0       0      0    0     0       0       0     0      0
  
Item = KlonessBlade 1 9 1 3 13 3 3 14 3 8000 0 1 23 60000 22000 17 12 0 0 0 0 8 1 7 0 0 0 1 1 250
Item = KlonessAxe 1 9 1 4 10 2 4 11 2 5000 0 15 11 55000 25000 28 14 0 0 0 0 8 1 7 0 0 0 1 1 250
Item = KlonessEsterk 1 8 1 3 7 3 3 8 3 5000 0 1 27 40000 5000 18 5 0 0 0 0 8 1 7 0 0 0 0 1 200
Item = BerserkWand(MS.20) 1 8 13 1 6 0 20 0 0 5000 0 17 4 70000 1000 34 1 100 0 0 0 21 8 0  0 0 0 2 0 0
Item = KlonessWand(MS.20) 1 8 13 1 6 0 20 0 0 5000 0 17 5 35000 1000 39 1 120 0 0 0 21 8 7 0 0 0 2 0 0
Item = ResurWand(MS.20) 1 8 13 1 6 0 20 0 0 5000 0 17 3 25000 1000 38 1 100 0 0 0 21 8 0 0 0 0 2 0 0

Item  = -		      0     0     0     0  0 0  0 0 0   0       0      0    0     0       0       0     0      0
  
Item = I.M.CManual 3 0 18 83 0 0 0 0 0 0 0 6 91 50000 1 -1 0 0 0 0 0 -1 42 1 0 0 0 2 0 0

Item  = -		      0     0     0     0  0 0  0 0 0   0       0      0    0     0       0       0     0      0
  
Item = MerienShield 1 7 25 50 1 1 1 1 1 1600 52 3 9 65000 4000 9 0 0 0 60 0 11 5 0 0 0 0 0 1 35
Item = MerienPlateMailM 1 2 25 60 45 0 0 0 0 5000 50 9 3 50000 10000 4 0 0 1 60 0 0 6 5 0 0 0 1 1 200
Item = MerienPlateMailW 1 2 25 60 45 0 0 0 0 5000 50 13 5 50000 10000 6 0 0 2 60 0 0 6 5 0 0 0 1 1 200

Item  = -		      0     0     0     0  0 0  0 0 0   0       0      0    0     0       0       0     0      0
  
Item = SwordofMedusa 1 9 24 3 4 3 3 13 3 7000 3 1 16 80000 20000 11 10 0 0 60 0 8 1 0 0 0 0 1 1 180
Item = DemonSlayer 1 9 1 7 10 8 7 7 8 5000 0 1 17 25000 28000 13 12 0 0 0 0 8 1 9 0 0 0 1 1 156
Item = DarkElfBow 1 9 3 3 8 1 3 8 1 2500 0 2 3 25000 8000 40 4 0 0 0 0 6 3 0 0 0 0 3 6 190
Item = GiantBattleHammer 1 9 1 9 8 9 9 14 7 6000 0 15 8 65000 24000 31 14 250 0 0 0 14 1 9 0 0 0 1 1 282
Item = StormBringer 1 9 1 7 6 8 9 14 7 3000 0 1 26 90000 90000 15 11 0 0 0 0 8 1 0 0 0 0 1 1 250
Item = DarkExecutor 1 9 1 9 9 9 9 14 7 4000 0 1 24 30000 30000 16 13 0 0 0 0 8 1 0 0 0 0 1 1 200
Item = LightingBlade 1 9 1 9 9 9 9 14 7 4000 0 1 22 30000 30000 29 13 0 0 0 0 8 1 0 0 0 0 1 1 200

Item  = -		      0     0     0     0  0 0  0 0 0   0       0      0    0     0       0       0     0      0
  
Item = RingoftheAbaddon 1 10 14 3 10 0 0 0 0 300 0 16 26 20000 500 -1 0 0 0 0 0 -1 46 0 0 0 0 1 0 0
Item = RingofGrandMage 1 10 14 6 3 0 0 0 0 300 0 16 32 20000 500 -1 0 0 0 0 0 -1 46 0 0 0 0 2 0 0
Item = NecklaceOfMerien 1 6 14 4 150 0 0 0 0 300 0 16 54 20000 1000 -1 0 0 0 0 0 -1 46 0 0 20000 0 0 0 0
Item = NecklaceOfXelima 1 6 14 12 100 0 0 0 0 300 0 16 53 20000 1000 -1 0 0 0 0 0 -1 46 5 0 20000 0 0 0 0
Item = KnecklaceOfMedusa 1 6 14 11 500 0 0 0 0 300 0 16 36 30000 1000 -1 0 0 0 0 0 -1 46 5 0 0 0 0 0 0

Item  = -		      0     0     0     0  0 0  0 0 0   0       0      0    0     0       0       0     0      0
  
Item = KnecklaceOfAirEle 1 6 14 7 50 0 0 0 0 300 0 16 40 20000 1000 -1 0 0 0 0 0 -1 46 0 0 0 0 0 0 0
Item = HeroNeckMage(DM+35) 1 6 14 6 30 0 0 0 0 300 0 16 38 25000 1000 -1 0 180 0 0 0 -1 46 6 0 0 0
Item = HeroNeckWar(DM+35) 1 6 14 3 35 0 0 0 0 300 0 16 5 25000 400 -1 0 180 0 0 -10 -1 46 6 0 0 0

Item  = -		      0     0     0     0  0 0  0 0 0   0       0      0    0     0       0       0     0      0
  
Item = RingOfHeroMage 1 10 14 3 23 0 0 0 0 300 0 16 29 20000 500 -1 0 310 0 0 0 -1 46 9 0 0 0 2 0 0
Item = RingOfHeroWar 1 10 14 3 23 0 0 0 0 300 0 16 29 20000 500 -1 0 310 0 0 0 -1 46 9 0 0 0 1 0 0
Item  = -		      0     0     0     0  0 0  0 0 0   0       0      0    0     0       0       0     0      0
Item = HeroWand 1 8 13 1 1 1 1 1 1 30000 0 17 2 130000 1000 37 2 310 0 0 0 21 8 2 0 0 0 2 4 250
Item = HeroSword 1 9 24 11 11 10 12 14 7 30000 0 1 20 130000 26000 14 10 310 0 0 0 8 1 4 0 0 0 1 1 250	
Item = HeroBow 1 9 24 12 14 16 12 14 16 1200 0 2 4 7000 10000 42 8 70 0 0 0 6 3 4 -1 -1 -1 3 6 104 0 0

Item  = -		      0     0     0     0  0 0  0 0 0   0       0      0    0     0       0       0     0      0
Item = BelzeSword 1 9 24 9 9 9 9 13 7 1500 1 1 18 80000 23000 13 12 310 0 0 0 8 1 4 0 0 0 1 1 210
Item = BlackDevastator 1 9 1 10 9 9 11 14 7 3000 0 1 21 90000 40000 19 15 0 0 0 0 8 1 11 0 0 0 1 1 350
Item = StunSB 1 9 1 -1 -1 -1 -1 -1 -1 3000 0 1 26 40000 21000 15 11 0 0 0 0 8 1 9 0 0 0 1 1 156
Item = StripBarbarian 1 9 24 9 7 8 10 11 6 4500 1 15 10 150000 28000 32 15 110 0 0 0 14 1 0 0 0 0 1 1 300
Item  = -		      0     0     0     0  0 0  0 0 0   0       0      0    0     0       0       0     0      0
Item = PlateBow 1 9 3 15 15 15 15 15 15 2500 0 2 3 30000 8000 40 4 200 0 0 0 6 3 8 0 0 0 3 6 105
Item = KnightBow 1 9 3 7 7 7 7 1 1 1000 0 2 5 35000 7000 43 6 250 0 0 0 6 3 5 0 0 0 3 6 210
Item = GiantBow 1 9 3 8 8 8 8 2 2 1000 0 2 5 45000 7000 43 6 300 0 0 0 6 3 10 0 0 0 3 6 350
Item = IceElementalBow 1 9 24 3 6 1 3 6 1 1000 2 2 5 50000 7000 43 6 200 0 0 0 6 3 7 0 0 0 3 6 250
Item = XelimaBow 1 9 24 3 6 1 3 6 1 1000 1 2 5 50000 7000 43 6 200 0 0 0 6 3 8 0 0 0 3 6 250
Item = MedusaBow 1 9 24 3 6 1 3 6 1 1000 3 2 5 50000 7000 43 6 200 0 0 0 6 3 9 0 0 0 3 6 250

