[CONFIG]

[ITEMS]

Item = 1 Dagger 1 8 1 2 6 1 2 6 7 300 0 1 0 25 200 1 0 0 0 0 -10 7 1 0 -1 -1 -1 0 0 0 0 0
Item = 2 Dagger(S.C) 1 8 1 2 5 1 2 4 1 800 0 1 0 -55 200 1 0 0 0 0 -10 7 1 0 -1 -1 -1 0 0 0 0 0
Item = 3 Dagger(Swd.breaker) 1 8 1 2 5 1 2 4 1 1 0 1 0 -55 200 1 0 0 0 0 -10 7 1 0 -1 -1 -1 0 0 0 0 0
Item = 4 Dagger+1 1 8 1 2 6 2 2 5 2 800 0 1 0 100 200 1 0 10 0 0 -10 7 1 0 -1 -1 -1 0 0 0 0 0
Item = 6 KNightDagger 1 8 1 2 5 1 2 4 1 800 0 1 0 -35 200 1 0 0 0 0 -10 7 1 0 -1 -1 -1 0 0 0 0 0
Item = 7 Dirk 1 8 1 2 5 1 2 4 1 800 0 1 0 -35 200 1 0 0 0 0 -10 7 1 0 -1 -1 -1 0 0 0 0 0
Item = 8 ShortSword 1 8 1 2 7 1 2 6 1 500 0 1 1 50 800 2 2 0 0 0 -5 7 1 0 -1 -1 -1 0 1 26 0 0
Item = 9 ShortSword+1 1 8 1 2 7 2 2 6 2 800 0 1 1 200 800 2 2 10 0 0 -5 7 1 0 -1 -1 -1 0 1 26 0 0
Item = 11 ShortSword(S.C) 1 8 1 2 7 1 2 6 1 800 0 1 1 -100 800 2 2 0 0 0 -5 7 1 0 -1 -1 -1 0 1 26 0 0
Item = 12 MainGauche 1 8 1 2 8 1 2 7 1 500 0 1 1 50 800 2 2 0 0 0 -2 7 1 0 -1 -1 -1 0 1 26 0 0
Item = 13 MainGauche+1 1 8 1 2 8 2 2 7 2 800 0 1 1 200 800 2 2 15 0 0 -2 7 1 0 -1 -1 -1 0 1 26 0 0
Item = 14 MainGauche(S.C) 1 8 1 2 7 1 2 5 1 800 0 1 1 -100 800 2 2 0 0 0 -2 7 1 0 -1 -1 -1 0 1 26 0 0
Item = 15 Gradius 1 8 1 1 2 1 1 2 1 500 0 1 1 90 800 2 2 0 0 0 -2 7 1 0 -1 -1 -1 0 1 26 0 0
Item = 16 Gradius+1 1 8 1 1 2 1 1 2 2 800 0 1 1 350 800 2 2 20 0 0 -2 7 1 0 -1 -1 -1 0 1 26 0 0
Item = 17 LongSword 1 8 1 1 4 1 1 4 1 800 0 1 2 180 1400 3 6 0 0 -1 0 8 1 0 -1 -1 -1 0 1 78 0 0
Item = 18 LongSword+1 1 8 1 1 4 2 1 4 2 1400 0 1 2 650 1400 3 6 25 0 -1 0 8 1 0 -1 -1 -1 0 1 78 0 0
Item = 19 LongSword+2 1 8 1 1 4 3 1 4 3 1400 0 1 2 -2600 1600 3 6 50 0 -1 0 8 1 0 -1 -1 -1 0 1 78 0 0
Item = 20 Excaliber 1 8 1 3 11 5 3 13 5 8000 0 1 19 -31000 4000 5 0 0 0 -1 0 8 1 0 -1 -1 -1 1 1 90 0 0
Item = 22 LongSword(S.C) 1 8 1 2 9 1 2 13 1 1400 0 1 2 -250 1400 3 6 0 0 -1 0 8 1 0 -1 -1 -1 0 1 78 0 0
Item = 23 Sabre 1 8 1 1 3 1 1 3 1 800 0 1 3 150 1200 4 5 0 0 -1 0 8 1 0 -1 -1 -1 0 1 65 0 0
Item = 24 Sabre+1 1 8 1 1 3 2 1 3 2 1000 0 1 3 600 1200 4 5 20 0 -1 0 8 1 0 -1 -1 -1 0 1 65 0 0
Item = 25 Scimitar 1 8 1 1 4 1 1 4 1 800 0 1 4 200 1800 6 6 0 0 -1 3 8 1 0 -1 -1 -1 0 1 78 0 0
Item = 26 Scimitar+1 1 8 1 1 4 2 1 4 2 1000 0 1 4 800 1800 6 6 30 0 -1 3 8 1 0 -1 -1 -1 0 1 78 0 0
Item = 27 Scimitar+2 1 8 1 1 4 3 1 4 3 1000 0 1 4 -3200 2000 6 6 70 0 -1 3 8 1 0 -1 -1 -1 0 1 78 0 0
Item = 28 Falchion   1 8 1 1 6 4 1 6 4 800 0 1 5 250 2200 6 6 0 0 -2 2 8 1 0 -1 -1 -1 1 1 78 0 0
Item = 29 Falchion+1 1 8 1 1 6 5 1 6 5 1400 0 1 5 1000 2200 6 6 35 0 -2 2 8 1 0 -1 -1 -1 1 1 78 0 0
Item = 30 Falchion+2 1 8 1 2 2 3 3 8 3 1400 0 1 5 -4000 2200 6 6 70 0 -2 2 8 1 0 -1 -1 -1 1 1 78 0 0
Item = 31 Esterk   1 8 1 1 4 4 1 4 4 800 0 1 6 400 1200 7 4 0 0 0 0 9 1 0 -1 -1 -1 1 1 52 0 0
Item = 32 Esterk+1 1 8 1 1 4 5 1 4 5 1400 0 1 6 800 1200 7 4 20 0 0 0 9 1 0 -1 -1 -1 1 1 52 0 0
Item = 33 Esterk+2 1 8 1 1 4 6 1 4 6 1400 0 1 6 -3200 1200 7 4 70 0 0 0 9 1 0 -1 -1 -1 1 1 52 0 0
Item = 34 Rapier 1 8 1 1 4 3 1 4 3 800 0 1 6 300 1100 7 3 0 0 0 0 9 1 0 -1 -1 -1 1 1 39 0 0
Item = 35 Rapier+1 1 8 1 1 4 4 1 4 4 1000 0 1 6 1300 1100 7 3 30 0 0 0 9 1 0 -1 -1 -1 1 1 39 0 0
Item = 36 Rapier+2 1 8 1 1 4 5 1 4 5 1000 0 1 6 -5200 1100 7 3 70 0 0 0 9 1 0 -1 -1 -1 1 1 39 0 0
Item = 37 TemplerSword 1 8 1 2 9 1 2 13 1 1000 0 1 6 -1000 1200 7 5 0 0 -1 1 8 1 0 -1 -1 -1 1 0 0 0 0
Item = 38 BroadSword   1 9 1 1 5 3 1 5 3 800 0 1 7 250 2800 8 6 0 0 -3 2 8 1 0 -1 -1 -1 1 1 78 0 0
Item = 39 BroadSword+1 1 9 1 1 6 4 1 6 4 1400 0 1 7 1100 2800 8 6 30 0 -3 2 8 1 0 -1 -1 -1 1 1 78 0 0
Item = 40 BroadSword+2 1 9 1 1 6 5 1 6 5 1400 0 1 7 -4400 2800 8 6 70 0 -3 2 8 1 0 -1 -1 -1 1 1 78 0 0
Item = 41 BroadSword(S.C) 1 9 1 3 8 1 3 9 1 1400 0 1 7 -400 2800 8 6 0 0 -3 2 8 1 0 -1 -1 -1 1 1 78 0 0
Item = 42 BastadSword   1 9 1 1 8 3 1 8 3 800 0 1 8 300 3300 9 6 0 0 -4 3 8 1 0 -1 -1 -1 1 1 78 0 0
Item = 43 BastadSword+1 1 9 1 1 8 4 1 8 4 1400 0 1 8 1200 3300 9 6 35 0 -4 3 8 1 0 -1 -1 -1 1 1 78 0 0
Item = 44 BastadSword+2 1 9 1 1 8 5 1 8 5 1400 0 1 8 -4800 3300 9 6 70 0 -4 3 8 1 0 -1 -1 -1 1 1 78 0 0
Item = 45 BastadSword(S.C) 1 9 1 1 8 6 1 8 6 1400 0 1 8 -450 3300 9 6 0 0 -4 3 8 1 0 -1 -1 -1 1 1 78 0 0
Item = 46 Claymore   1 9 1 1 7 3 1 7 3 1000 0 1 9 400 4000 10 7 0 0 -5 4 8 1 0 -1 -1 -1 1 1 91 0 0
Item = 47 Claymore+1 1 9 1 1 7 4 1 7 4 1400 0 1 9 1800 4000 10 7 40 0 -5 4 8 1 0 -1 -1 -1 1 1 91 0 0
Item = 48 Claymore+2 1 9 1 1 7 5 1 7 5 1400 0 1 9 -7200 4000 10 7 70 0 -5 4 8 1 0 -1 -1 -1 1 1 91 0 0
Item = 49 Claymore(S.C) 1 9 1 1 7 6 1 7 6 1400 0 1 9 -600 4000 10 7 0 0 -5 4 8 1 0 -1 -1 -1 1 1 91 0 0
Item = 50 GreatSword   1 9 1 3 2 4 3 2 4 1000 0 1 10 500 5200 11 8 0 0 -8 5 8 1 0 -1 -1 -1 1 1 104 0 0
Item = 51 GreatSword+1 1 9 1 3 2 5 3 2 5 1400 0 1 10 2300 5200 11 8 50 0 -8 5 8 1 0 -1 -1 -1 1 1 104 0 0
Item = 52 GreatSword+2 1 9 1 3 2 6 3 2 6 1400 0 1 10 -9200 5200 11 8 70 0 -8 5 8 1 0 -1 -1 -1 1 1 104 0 0
Item = 53 GreatSword(S.C) 1 9 1 3 2 9 3 2 9 1400 0 1 10 -700 5200 11 8 0 0 -8 5 8 1 0 -1 -1 -1 1 1 104 0 0
Item = 54 Flameberge 1 9 1 3 2 5 3 2 5 1000 0 1 11 700 6000 12 10 0 0 -15 10 8 1 0 -1 -1 -1 1 1 130 0 0
Item = 55 Flameberge+1 1 9 1 3 2 6 3 2 6 1400 0 1 11 3300 6000 12 10 60 0 -15 10 8 1 0 -1 -1 -1 1 1 130 0 0
Item = 56 Flameberge+2 1 9 1 3 2 7 3 2 7 1400 0 1 11 -13200 6000 12 10 70 0 -15 10 8 1 0 -1 -1 -1 1 1 130 0 0
Item = 57 Flameberge(S.C) 1 9 1 3 2 9 3 2 9 1400 0 1 11 -1000 6000 12 10 0 0 -15 10 8 1 0 -1 -1 -1 1 1 130 0 0
Item = 59 LightAxe 1 8 1 1 4 3 1 4 3 500 0 15 2 100 1400 22 3 0 0 0 0 10 1 0 -1 -1 -1 1 1 39 0 0
Item = 60 LightAxe+1 1 8 1 1 4 4 1 4 4 500 0 15 2 350 1400 22 3 10 0 0 0 10 1 0 -1 -1 -1 1 1 39 0 0
Item = 61 LightAxe+2 1 8 1 1 4 5 1 4 5 500 0 15 2 -1400 1400 22 3 70 0 0 0 10 1 0 -1 -1 -1 1 1 39 0 0
Item = 62 Tomahoc 1 8 1 1 4 2 1 4 2 500 0 15 2 180 1700 22 4 0 0 0 0 10 1 0 -1 -1 -1 1 1 52 0 0
Item = 63 Tomahoc+1 1 8 1 1 4 3 1 4 3 500 0 15 2 700 1700 22 4 20 0 0 0 10 1 0 -1 -1 -1 1 1 52 0 0
Item = 64 Tomahoc+2 1 8 1 1 4 4 1 4 4 500 0 15 2 -2800 1700 22 4 70 0 0 0 10 1 0 -1 -1 -1 1 1 52 0 0
Item = 65 SexonAxe 1 8 1 1 4 5 1 4 5 700 0 15 3 200 2000 23 4 0 0 0 0 10 1 0 -1 -1 -1 1 1 52 0 0
Item = 66 SexonAxe+1 1 8 1 1 4 6 1 4 6 700 0 15 3 800 2000 23 4 30 0 0 0 10 1 0 -1 -1 -1 1 1 52 0 0
Item = 67 SexonAxe+2 1 8 1 1 4 7 1 4 7 700 0 15 3 -3200 2000 23 4 70 0 0 0 10 1 0 -1 -1 -1 1 1 52 0 0
Item = 68 DoubleAxe 1 8 1 1 4 7 1 4 7 800 0 15 0 560 3300 20 5 0 0 0 0 10 1 0 -1 -1 -1 1 1 65 0 0
Item = 69 DoubleAxe+1 1 8 1 1 4 8 1 4 8 800 0 15 0 1200 3300 20 5 40 0 0 0 10 1 0 -1 -1 -1 1 1 65 0 0
Item = 70 DoubleAxe+2 1 8 1 1 4 8 1 4 9 800 0 15 0 -4800 3300 20 5 70 0 0 0 10 1 0 -1 -1 -1 1 1 65 0 0
Item = 71 WarAxe   1 8 1 3 2 6 3 2 6 1000 0 15 1 700 4400 21 8 0 0 0 0 10 1 0 -1 -1 -1 1 1 104 0 0
Item = 72 WarAxe+1 1 8 1 3 2 7 3 2 7 1000 0 15 1 2000 4400 21 8 60 0 0 0 10 1 0 -1 -1 -1 1 1 104 0 0
Item = 73 WarAxe+2 1 8 1 3 2 8 3 2 8 1000 0 15 1 -8000 4400 21 8 70 0 0 0 10 1 0 -1 -1 -1 1 1 104 0 0
Item = 74 4BladeGoldenAxe 1 8 1 4 7 1 4 7 1 2000 0 15 4 -52000 2000 24 6 60 0 0 0 10 1 0 -1 -1 -1 1 1 60 0 0
Item = 75 ShortBow 1 9 3 5 6 5 5 6 5 500 0 2 0 100 800 40 4 0 0 5 0 6 3 0 -1 -1 -1 0 1 52 0 0
Item = 76 LongBow 1 9 3 10 10 5 10 10 5 800 0 2 1 200 1200 41 5 0 0 0 5 6 3 0 -1 -1 -1 3 6 65 0 0
Item = 77 Arrow 6 0 0 1 2 3 1 2 3 1 0 6 10 1 10 1 3 0 0 0 0 0 4 0 -1 -1 -1 3 0 0 0 0
Item = 78 PoisonArrow 6 0 0 1 8 0 1 8 0 1 0 6 10 -5 10 1 5 0 0 0 0 0 4 0 -1 -1 -1 3 0 0 0 0
Item = 79 WoodShield 1 7 2 8 1 1 1 1 1 300 0 3 0 100 800 1 0 0 0 0 0 11 5 0 -1 -1 -1 0 1 15 0 0
Item = 80 LeatherShield 1 7 2 10 1 1 1 1 1 300 0 3 1 150 1000 2 0 0 0 0 0 11 5 0 -1 -1 -1 0 1 15 0 0
Item = 81 TargeShield 1 7 2 13 1 1 1 1 1 500 0 3 2 250 1800 3 0 0 0 0 0 11 5 0 -1 -1 -1 0 1 15 0 0
Item = 82 ScootermShield 1 7 2 16 1 1 1 1 1 500 0 3 3 300 2000 4 0 0 0 0 0 11 5 0 -1 -1 -1 0 1 15 0 0
Item = 83 BlondeShield 1 7 2 18 1 1 1 1 1 500 0 3 4 450 2000 5 0 0 0 0 0 11 5 0 -1 -1 -1 0 1 15 0 0
Item = 84 IronShield 1 7 2 22 1 1 1 1 1 500 0 3 5 700 2500 6 0 0 0 -2 0 11 5 0 -1 -1 -1 0 1 15 0 0
Item = 85 LagiShield 1 7 2 26 1 1 1 1 1 800 0 3 6 1300 3000 7 0 0 0 -4 0 11 5 0 -1 -1 -1 0 1 15 0 0
Item = 86 KnightShield 1 7 2 30 1 1 1 1 1 800 0 3 7 1500 3200 8 0 0 0 -8 -5 11 5 0 -1 -1 -1 0 1 15 0 0
Item = 87 TowerShield 1 7 2 35 1 1 1 1 1 800 0 3 8 1800 4000 9 0 0 0 -10 -10 11 5 0 -1 -1 -1 0 1 35 0 0
Item = 88 GuildAdmissionTicket 0 0 0 0 0 0 0 0 0 0 0 6 9 5 1 -1 0 0 0 0 0 -1 42 0 -1 -1 -1 0 0 0 0 0
Item = 89 GuildSecessionTicket 0 0 0 0 0 0 0 0 0 0 0 6 9 5 1 -1 0 0 0 0 0 -1 42 0 -1 -1 -1 0 0 0 0 0
Item = 90 Gold 5 0 0 0 0 0 0 0 0 0 0 6 0 1 1 -1 0 0 0 0 0 -1 42 0 -1 -1 -1 0 0 0 0 0
Item = 91 RedPotion 7 0 4 2 12 10 0 0 0 1 0 6 1 10 30 -1 0 0 0 0 0 -1 21 0 -1 -1 -1 0 0 0 0 0
Item = 92 BigRedPotion 7 0 4 3 8 40 0 0 0 1 0 6 2 298000 100 -1 0 0 0 0 0 -1 21 0 -1 -1 -1 0 0 0 0 0
Item = 93 BluePotion 7 0 5 2 12 10 0 0 0 1 0 6 3 10 30 -1 0 0 0 0 0 -1 21 0 -1 -1 -1 0 0 0 0 0
Item = 94 BigBluePotion 7 0 5 4 8 50 0 0 0 1 0 6 4 65 100 -1 0 0 0 0 0 -1 21 0 -1 -1 -1 0 0 0 0 0
Item = 95 GreenPotion 7 0 6 2 12 10 0 0 0 1 0 6 5 10 30 -1 0 0 0 0 0 -1 21 0 -1 -1 -1 0 0 0 0 0
Item = 96 BigGreenPotion 7 0 6 4 8 50 0 0 0 1 0 6 6 65 100 -1 0 0 0 0 0 -1 21 0 -1 -1 -1 0 0 0 0 0
Item = 97 DilutionPotion 3 0 9 23 20 0 0 0 0 1 0 6 5 200 30 -1 0 0 0 0 0 -1 42 0 -1 -1 -1 0 0 0 0 0
Item = 98 Baguette 7 0 7 2 8 10 0 0 0 1 0 6 8 5 17 -1 0 0 0 0 0 -1 31 0 -1 -1 -1 0 0 0 0 0
Item = 99 Meat 7 0 7 4 8 10 0 0 0 1 0 6 7 10 52 -1 0 0 0 0 0 -1 31 0 -1 -1 -1 0 0 0 0 0
Item = 100 Fish 7 0 7 4 8 10 0 0 0 1 0 6 11 30 30 -1 0 0 0 0 0 -1 31 0 -1 -1 -1 0 0 0 0 0
Item = 101 RedFish 7 0 7 8 4 60 0 0 0 1 0 6 14 -400 100 -1 0 0 0 0 0 -1 31 0 -1 -1 -1 0 0 0 0 0
Item = 102 GreenFish 7 0 7 8 4 40 0 0 0 1 0 6 15 -200 100 -1 0 0 0 0 0 -1 31 0 -1 -1 -1 0 0 0 0 0
Item = 103 YellowFish 7 0 7 8 4 30 0 0 0 1 0 6 16 -100 100 -1 0 0 0 0 0 -1 31 0 -1 -1 -1 0 0 0 0 0
Item = 104 Map 9 0 10 1 0 0 0 0 0 35 0 6 9 30 1 -1 0 0 0 0 0 -1 42 0 -1 -1 -1 0 0 0 0 0
Item = 105 FishingRod 8 0 0 1 8 0 0 0 0 200 0 14 0 100 300 -1 0 0 0 0 0 1 43 0 -1 -1 -1 0 0 0 0 0
Item = 106 PretendCorpseManual 3 0 9 19 20 0 0 0 0 0 0 6 92 100 1 -1 0 0 0 0 0 -1 42 0 -1 -1 -1 0 0 0 0 0
Item = 107 ArcheryManual 3 0 9 6 20 0 0 0 0 0 0 6 92 100 1 -1 0 0 0 0 0 -1 42 0 -1 -1 -1 0 0 0 0 0
Item = 108 ShieldManual 3 0 9 11 20 0 0 0 0 0 0 6 92 100 1 -1 0 0 0 0 0 -1 42 0 -1 -1 -1 0 0 0 0 0
Item = 109 LongSwordManual 3 0 9 8 20 0 0 0 0 0 0 6 92 100 1 -1 0 0 0 0 0 -1 42 0 -1 -1 -1 0 0 0 0 0
Item = 110 FencingManual 3 0 9 9 20 0 0 0 0 0 0 6 92 100 1 -1 0 0 0 0 0 -1 42 0 -1 -1 -1 0 0 0 0 0
Item = 111 FishingManual 3 0 9 1 20 0 0 0 0 0 0 6 92 100 1 -1 0 0 0 0 0 -1 42 0 -1 -1 -1 0 0 0 0 0
Item = 112 AxeManual 3 0 9 10 20 0 0 0 0 0 0 6 92 100 1 -1 0 0 0 0 0 -1 42 0 -1 -1 -1 0 0 0 0 0
Item = 113 MagicResistManual 3 0 9 3 20 0 0 0 0 0 0 6 92 500 1 -1 0 0 0 0 0 -1 42 0 -1 -1 -1 0 0 0 0 0
Item = 114 RecallScroll 3 0 11 1 0 0 0 0 0 1 0 6 9 120 1 -1 0 0 0 0 0 -1 42 0 -1 -1 -1 0 0 0 0 0
Item = 115 InvisibilityScroll 3 0 11 2 0 0 0 0 0 1 0 6 9 560 1 -1 0 0 0 0 0 -1 42 0 -1 -1 -1 0 0 0 0 0
Item = 116 DetectInviScroll 3 0 11 3 0 0 0 0 0 1 0 6 9 330 1 -1 0 0 0 0 0 -1 42 0 -1 -1 -1 0 0 0 0 0
Item = 117 BleedingIslandTicket 3 0 11 4 1 0 0 0 0 1 0 6 9 100 1 -1 0 0 0 0 0 -1 42 0 -1 -1 -1 0 0 0 0 0

Item = 118 UltimateHelm(M) 		1 1 2 61 50 0 0 0 0 25000 0 21 7 -1500 10000 14 0 0 1 -7 -7 -1 6 0 0 0 0 1 1 250 1 2
Item = 119 UltimateHelm(W) 		1 1 2 61 50 0 0 0 0 25000 0 21 7 -1500 10000 14 0 0 2 -7 -7 -1 6 0 0 0 0 1 1 250 1 2
Item = 120 UltimateCap(M) 		1 1 2 60 50 0 0 0 0 15000 0 21 9 -1000 1500 13 0 0 1 -7 -7 -1 6 0 0 0 0 2 4 200 1 2
Item = 121 UltimateCap(W) 		1 1 2 60 50 0 0 0 0 15000 0 21 9 -1000 1500 13 0 0 2 -7 -7 -1 6 0 0 0 0 2 4 200 1 2
Item = 122 UltimateArmor(M) 	1 2 2 100 58 0 0 0 0 30000 0 9 8 -3000 10000 13 0 0 1 -5 -5 0 6 0 0 0 0 0 1 250 1 2
Item = 123 UltimateArmor(W) 	1 2 2 100 58 0 0 0 0 30000 0 13 9 -3000 10000 14 0 0 2 -5 -5 0 6 0 0 0 0 0 1 250 1 2
Item = 124 UltimateRobe(M) 		1 2 2 80 52 0 0 0 0 30000 0 9 10 -3000 1500 12 0 0 1 0 0 0 6 0 0 0 0 2 4 250 1 2
Item = 125 UltimateRobe(W) 		1 2 2 80 52 0 0 0 0 30000 0 13 11 -3000 1500 13 0 0 2 0 0 0 6 0 0 0 0 2 4 250 1 2
Item = 126 UltimateHauberk(M) 	1 3 2 55 48 0 0 0 0 20000 0 7 3 -1000 1500 5 0 0 1 -3 -3 0 6 0 0 0 0 0 1 30 1 2
Item = 127 UltimateHauberk(W) 	1 3 2 55 48 0 0 0 0 20000 0 11 4 -1000 1500 6 0 0 2 -3 -3 0 6 0 0 0 0 0 1 30 1 2
Item = 128 UltimateLeggings(M) 	1 4 2 55 55 1 1 1 1 30000 0 8 5 -1500 1500 7 0 0 1 -6 -6 0 6 0 0 0 0 0 1 30 1 2
Item = 129 UltimateLeggings(W) 	1 4 2 55 55 1 1 1 1 30000 0 12 6 -1500 1500 8 0 0 2 -6 -6 0 6 0 0 0 0 0 1 30 1 2

Item = 131 UltimateAresCape 	1 12 2 2 1 1 1 1 1 300 0 20 7 -3000 200 10 0 0 0 0 0 -1 13 0 0 0 0 0 0 0 0 0
Item = 132 UltimateElvCape 	1 12 2 2 1 1 1 1 1 300 0 20 6 -3000 200 9 0 0 0 0 0 -1 13 0 0 0 0 0 0 0 0 0
Item = 134 DarkArcherHauberk 		1 3 2 18 6 0 15 120 0 30000 0 7 1 -1 1200 2 0 0 1 -3 -3 0 6 6 -1 -1 -1 3 6 200 0 0
Item = 135 DarkArcherLeggings 	1 4 2 21 9 1 15 150 1 30000 0 8 3 -1 2000 4 0 0 1 -6 -6 0 6 6 -1 -1 -1 3 6 200 0 0
Item = 136 DarkArcherArmor 		1 2 2 20 18 0 15 200 0 600 0 9 2 900 2000 3 0 0 1 -8 -8 0 6 6 -1 -1 -1 3 6 250 0 0
Item = 137 DarkArcherHood 		1 1 2  5 9 0 15 90 0 500 0 21 4 1500 1500 7 0 90 1 -7 -7 -1 6 6 -1 -1 -1 3 6 200 0 0
Item = 138 DarkArcherBow 		1 9 3 7 9 2 7 9 2 500 0 2 0 100 800 40 4 0 0 5 0 6 3 6 -1 -1 -1 3 6 130 0 0
Item = 139 DarkArcherLongBow 	1 9 3 7 9 3 7 9 3 1200 0 2 2 3000 4000 41 5 70 0 0 0 6 3 6 -1 -1 -1 3 6 130 0 0
Item = 140 BlackArcherBow 		1 9 3 16 9 20 16 9 20 2500 0 2 3 -8000 8000 40 4 0 0 0 0 6 3 6 0 0 0 3 6 130 0 0
Item = 141 CraftingManual 3 0 9 18 20 0 0 0 0 0 0 6 92 100 1 -1 0 0 0 0 0 -1 42 0 -1 -1 -1 0 0 0 0 0
Item = 142 TamingManual 3 0 9 22 20 0 0 0 0 0 0 6 92 100 1 -1 0 0 0 0 0 -1 42 0 -1 -1 -1 0 0 0 0 0
Item = 143 DarkArcherHauberkW 	1 3 2 18 6 0 15 120 0 30000 0 11 2 -1 1200 3 0 0 2 -3 -3 0 6 6 -1 -1 -1 3 6 200 0 0
Item = 144 DarkArcherLeggingsW 	1 4 2 21 9 1 15 150 1 30000 0 12 4 -1 2000 5 0 0 2 -6 -6 0 6 6 -1 -1 -1 3 6 200 0 0
Item = 145 DarkArcherArmorW 		1 2 2 20 18 0 15 200 0 600 0 13 4 900 2000 5 0 0 2 -8 -8 0 6 6 -1 -1 -1 3 6 250 0 0
Item = 146 DarkArcherHoodW  		1 1 2  5 9 0 15 90 0 500 0 21 4 1500 1500 7 0 90 2 -7 -7 -1 6 6 -1 -1 -1 3 6 200 0 0

Item = 147 GhostHood(M) 		1 1 2 60 50 0 0 0 0 15000 0 21 10 -1000 1500 15 0 0 1 -7 -7 -1 6 0 0 0 0 3 6 200 1 2
Item = 148 GhostHood(W) 		1 1 2 60 50 0 0 0 0 15000 0 21 10 -1000 1500 15 0 0 2 -7 -7 -1 6 0 0 0 0 3 6 200 1 2

Item = 188 SnakeMeat 7 0 7 4 8 20 0 0 0 1 0 6 17 -57 45 1 0 0 0 0 0 -1 31 0 -1 -1 -1 0 0 0 0 0
Item = 189 SnakeSkin 5 0 0 0 0 0 0 0 0 1 0 6 18 -175 20 1 0 0 0 0 0 -1 31 0 -1 -1 -1 0 0 0 0 0
Item = 190 SnakeTeeth 5 0 0 0 0 0 0 0 0 1 0 6 19 -55 5 1 0 0 0 0 0 -1 31 0 -1 -1 -1 0 0 0 0 0
Item = 191 SnakeTongue 5 0 0 0 0 0 0 0 0 1 0 6 20 -50 3 1 0 0 0 0 0 -1 31 0 -1 -1 -1 0 0 0 0 0
Item = 192 AntLeg 5 0 0 0 0 0 0 0 0 1 0 6 21 -32 17 1 0 0 0 0 0 -1 31 0 -1 -1 -1 0 0 0 0 0
Item = 193 AntFeeler 5 0 0 0 0 0 0 0 0 1 0 6 22 -34 10 1 0 0 0 0 0 -1 31 0 -1 -1 -1 0 0 0 0 0
Item = 194 CyclopsEye 0 0 0 0 0 0 0 0 0 1 0 6 23 -170 330 1 0 0 0 0 0 -1 31 0 -1 -1 -1 0 0 0 0 0
Item = 195 CyclopsHandEdge 0 0 0 0 0 0 0 0 0 1 0 6 24 -270 4000 1 0 0 0 0 0 -1 31 0 -1 -1 -1 0 0 0 0 0
Item = 196 CyclopsHeart 0 0 0 0 0 0 0 0 0 1 0 6 25 -160 1230 1 0 0 0 0 0 -1 31 0 -1 -1 -1 0 0 0 0 0
Item = 197 CyclopsMeat 7 0 7 4 8 30 0 0 0 1 0 6 26 -90 500 1 0 0 0 0 0 -1 31 0 -1 -1 -1 0 0 0 0 0
Item = 198 CyclopsLeather 5 0 0 0 0 0 0 0 0 1 0 6 27 -600 350 1 0 0 0 0 0 -1 31 0 -1 -1 -1 0 0 0 0 0
Item = 199 HelboundHeart 0 0 0 0 0 0 0 0 0 1 0 6 28 -90 820 1 0 0 0 0 0 -1 31 0 -1 -1 -1 0 0 0 0 0
Item = 200 HelboundLeather 5 0 0 0 0 0 0 0 0 1 0 6 29 -320 200 1 0 0 0 0 0 -1 31 0 -1 -1 -1 0 0 0 0 0
Item = 201 HelboundTail 5 0 0 0 0 0 0 0 0 1 0 6 30 -70 250 1 0 0 0 0 0 -1 31 0 -1 -1 -1 0 0 0 0 0
Item = 202 HelboundTeeth 5 0 0 0 0 0 0 0 0 1 0 6 31 -70 130 1 0 0 0 0 0 -1 31 0 -1 -1 -1 0 0 0 0 0
Item = 203 HelboundClaw 5 0 0 0 0 0 0 0 0 1 0 6 32 -70 280 1 0 0 0 0 0 -1 31 0 -1 -1 -1 0 0 0 0 0
Item = 204 HelboundTongue 5 0 0 0 0 0 0 0 0 1 0 6 33 -75 150 1 0 0 0 0 0 -1 31 0 -1 -1 -1 0 0 0 0 0
Item = 205 LumpofClay 5 0 0 0 0 0 0 0 0 1 0 6 34 -95 230 1 0 0 0 0 0 -1 31 0 -1 -1 -1 0 0 0 0 0
Item = 206 OrcMeat 7 0 7 2 4 5 0 0 0 1 0 6 35 -50 100 1 0 0 0 0 0 -1 31 0 -1 -1 -1 0 0 0 0 0
Item = 207 OrcLeather 5 0 0 0 0 0 0 0 0 1 0 6 36 -193 100 1 0 0 0 0 0 -1 31 0 -1 -1 -1 0 0 0 0 0
Item = 208 OrcTeeth 5 0 0 0 0 0 0 0 0 1 0 6 37 -56 50 1 0 0 0 0 0 -1 31 0 -1 -1 -1 0 0 0 0 0
Item = 209 OgreHair 5 0 0 0 0 0 0 0 0 1 0 6 38 -230 250 1 0 0 0 0 0 -1 31 0 -1 -1 -1 0 0 0 0 0
Item = 210 OgreHeart 0 0 0 0 0 0 0 0 0 1 0 6 39 -340 1580 1 0 0 0 0 0 -1 31 0 -1 -1 -1 0 0 0 0 0
Item = 211 OgreMeat 7 0 7 4 8 50 0 0 0 1 0 6 40 -200 710 1 0 0 0 0 0 -1 31 0 -1 -1 -1 0 0 0 0 0
Item = 212 OgreLeather 5 0 0 0 0 0 0 0 0 1 0 6 41 -840 650 1 0 0 0 0 0 -1 31 0 -1 -1 -1 0 0 0 0 0
Item = 213 OgreTeeth 5 0 0 0 0 0 0 0 0 1 0 6 42 -215 230 1 0 0 0 0 0 -1 31 0 -1 -1 -1 0 0 0 0 0
Item = 214 OgreClaw 5 0 0 0 0 0 0 0 0 1 0 6 43 -215 370 1 0 0 0 0 0 -1 31 0 -1 -1 -1 0 0 0 0 0
Item = 215 ScorpionPincers 0 0 0 0 0 0 0 0 0 1 0 6 44 -50 1200 1 0 0 0 0 0 -1 31 0 -1 -1 -1 0 0 0 0 0
Item = 216 ScorpionMeat 7 0 7 4 8 25 0 0 0 1 0 6 45 -55 450 1 0 0 0 0 0 -1 31 0 -1 -1 -1 0 0 0 0 0
Item = 217 ScorpionSting 0 0 0 0 0 0 0 0 0 1 0 6 46 -55 1000 1 0 0 0 0 0 -1 31 0 -1 -1 -1 0 0 0 0 0
Item = 218 ScorpionSkin 5 0 0 0 0 0 0 0 0 1 0 6 47 -90 380 1 0 0 0 0 0 -1 31 0 -1 -1 -1 0 0 0 0 0
Item = 219 SkeletonBones 5 0 0 0 0 0 0 0 0 1 0 6 48 -50 1300 1 0 0 0 0 0 -1 31 0 -1 -1 -1 0 0 0 0 0
Item = 220 SlimeJelly 5 0 0 0 0 0 0 0 0 1 0 6 49 -10 100 1 0 0 0 0 0 -1 31 0 -1 -1 -1 0 0 0 0 0
Item = 221 StoneGolemPiece 5 0 0 0 0 0 0 0 0 1 0 6 50 -50 500 1 0 0 0 0 0 -1 31 0 -1 -1 -1 0 0 0 0 0
Item = 222 TrollHeart 0 0 0 0 0 0 0 0 0 1 0 6 51 -145 1050 1 0 0 0 0 0 -1 31 0 -1 -1 -1 0 0 0 0 0
Item = 223 TrollMeat 7 0 7 8 4 50 0 0 0 1 0 6 52 -180 500 1 0 0 0 0 0 -1 31 0 -1 -1 -1 0 0 0 0 0
Item = 224 TrollLeather 5 0 0 0 0 0 0 0 0 1 0 6 53 -335 450 1 0 0 0 0 0 -1 31 0 -1 -1 -1 0 0 0 0 0
Item = 225 TrollClaw 5 0 0 0 0 0 0 0 0 1 0 6 54 -70 290 1 0 0 0 0 0 -1 31 0 -1 -1 -1 0 0 0 0 0
Item = 226 AlchemyManual 3 0 9 12 20 0 0 0 0 0 0 6 92 100 1 -1 0 0 0 0 0 -1 42 0 -1 -1 -1 0 0 0 0 0
Item = 227 AlchemyBowl 10 0 0 1 0 0 0 0 0 300 0 6 55 1000 700 -1 0 0 0 0 0 -1 21 0 -1 -1 -1 0 0 0 0 0
Item = 230 MiningManual 3 0 9 0 20 0 0 0 0 0 0 6 92 100 1 -1 0 0 0 0 0 -1 42 0 -1 -1 -1 0 0 0 0 0
Item = 231 PickAxe 1 8 1 2 4 0 2 4 0 1000 0 15 5 500 1000 25 10 0 0 0 0 0 1 0 -1 -1 -1 0 0 0 0 0
Item = 232 Hoe 1 8 1 2 4 0 2 4 0 800 0 15 9 300 1000 27 5 0 0 0 0 -1 1 0 -1 -1 -1 0 0 0 0 0
Item = 235 ManufacturingManual 3 0 9 13 20 0 0 0 0 0 0 6 92 100 1 -1 0 0 0 0 0 -1 42 0 -1 -1 -1 0 0 0 0 0
Item = 236 ManufacturingHammer 10 0 0 1 0 0 0 0 0 300 0 6 113 1500 2000 -1 0 0 0 0 0 -1 21 0 -1 -1 -1 0 0 0 0 0
Item = 237 HammerAttackManual 3 0 9 14 20 0 0 0 0 0 0 6 92 100 1 -1 0 0 0 0 0 -1 42 0 -1 -1 -1 0 0 0 0 0
Item = 245 AresdenFlag(Master) 11 0 16 1 1 0 0 0 0 1 0 6 56 -100 1 -1 0 0 0 0 0 -1 42 0 -1 -1 -1 0 0 0 0 0
Item = 246 ElvineFlag(Master) 11 0 16 2 1 0 0 0 0 1 0 6 57 -100 1 -1 0 0 0 0 0 -1 42 0 -1 -1 -1 0 0 0 0 0
Item = 247 AresdenFlag 11 0 16 1 0 0 0 0 0 1 0 6 56 -100 1 -1 0 0 0 0 0 -1 42 0 -1 -1 -1 0 0 0 0 0
Item = 248 ElvineFlag 11 0 16 2 0 0 0 0 0 1 0 6 57 -100 1 -1 0 0 0 0 0 -1 42 0 -1 -1 -1 0 0 0 0 0
Item = 250 WandAttackManual 3 0 9 21 20 0 0 0 0 0 0 6 92 100 1 -1 0 0 0 0 0 -1 42 0 -1 -1 -1 0 0 0 0 0
Item = 256 MagicWand(MS20) 1 8 13 2 4 0 20 0 0 3600 0 17 1 5000 1000 36 1 50 0 0 0 21 8 0 -1 -1 -1 0 0 0 0 0
Item = 257 MagicWand(MS10) 1 8 13 2 4 0 10 0 0 2400 0 17 1 2500 1000 36 1 40 0 0 0 21 8 0 -1 -1 -1 0 0 0 0 0
Item = 258 MagicWand(MS0) 1 8 13 2 4 0 0 0 0 1200 0 17 1 1000 1000 36 1 30 0 0 0 21 8 0 -1 -1 -1 0 0 0 0 0
Item = 259 MagicWand(M.Shield) 1 8 20 2 4 0 0 0 0 5000 30 17 1 -8200 1000 36 1 0 0 0 0 21 8 0 -1 -1 -1 0 0 0 0 0
Item = 270 HairColorPotion 7 0 12 1 0 0 0 0 0 1 0 6 5 -300 100 -1 0 0 0 0 0 -1 21 0 -1 -1 -1 0 0 0 0 0
Item = 271 HairStylePotion 7 0 12 2 0 0 0 0 0 1 0 6 5 -400 100 -1 0 0 0 0 0 -1 21 0 -1 -1 -1 0 0 0 0 0
Item = 272 SkinColorPotion 7 0 12 3 0 0 0 0 0 1 0 6 5 -500 100 -1 0 0 0 0 0 -1 21 0 -1 -1 -1 0 0 0 0 0
Item = 273 InvisibilityPotion 7 0 11 2 0 0 0 0 0 1 0 6 5 -700 100 -1 0 0 0 0 0 -1 21 0 -1 -1 -1 0 0 0 0 0
Item = 274 SexChangePotion 7 0 12 4 0 0 0 0 0 1 0 6 5 -4000 100 -1 0 0 0 0 0 -1 21 0 -1 -1 0 0 0 0 0 0
Item = 275 OgrePotion 7 0 11 5 8 0 0 0 0 1 0 6 5 -5000 100 -1 0 0 0 0 0 -1 21 0 -1 -1 -1 0 0 0 0 0
Item = 276 UnderWearPotion 7 0 12 5 0 0 0 0 0 1 0 6 5 -4000 100 -1 0 0 0 0 0 -1 21 0 -1 -1 -1 0 0 0 0 0
Item = 290 Flameberge+3(LLF) 1 9 1 3 12 4 3 13 4 8000 0 1 11 -21000 6000 12 10 0 0 -15 10 8 1 0 -1 -1 -1 1 1 130 0 0
Item = 291 MagicWand(MS30-LLF) 1 8 13 2 4 0 30 0 0 4800 0 17 0 -10000 1000 35 1 0 0 0 0 21 8 0 -1 -1 -1 2 4 90 0 0
Item = 292 GoldenAxe(LLF) 1 8 1 3 9 1 3 9 1 2000 0 15 4 -32000 2000 24 6 0 0 0 0 10 1 0 -1 -1 -1 1 0 0 0 0
Item = 293 MagicWand(MS60-LLF) 1 8 13 2 4 0 60 0 0 4800 0 17 0 -10000 1000 35 1 0 0 0 0 21 8 0 0 -1 -1 0 1 30 0 0
Item = 295 StaminarDSword   1 9 1 1 2 1 2 12 1 1000 0 1 10 4500 8200 11 8 0 0 -8 5 8 1 0 -1 -1 -1 1 1 60 0 0
Item = 296 ManaDSword 1 9 1 1 2 1 2 12 1 1000 0 1 10 4500 8200 11 8 0 0 -8 5 8 1 0 -1 -1 -1 1 1 60 0 0
Item = 300 MagicNecklace(RM10) 1 6 14 1 10 0 0 0 0 300 0 16 4 -2250 400 -1 0 30 0 0 -10 -1 46 0 -1 -1 -1 0 0 0 0 0
Item = 305 MagicNecklace(DM+1) 1 6 14 3 1 0 0 0 0 300 0 16 5 -39800 400 -1 0 65 0 0 -10 -1 46 0 -1 -1 -1 0 0 0 0 0
Item = 308 MagicNecklace(MS10) 1 6 14 2 10 0 0 0 0 300 0 16 7 -7000 400 -1 0 50 0 0 -10 -1 46 0 -1 -1 -1 0 0 0 0 0
Item = 311 MagicNecklace(DF+10) 1 6 14 4 10 0 0 0 0 300 0 16 6 -19000 400 -1 0 50 0 0 -10 -1 46 0 -1 -1 -1 0 0 0 0 0
Item = 315 GoldNecklace 1 6 45 0 0 0 0 0 0 300 0 16 8 1000 300 -1 0 0 0 0 -10 -1 46 0 -1 -1 -1 0 0 0 0 0
Item = 316 SilverNecklace 1 6 45 0 0 0 0 0 0 300 0 16 9 500 300 -1 0 0 0 0 -10 -1 46 0 -1 -1 -1 0 0 0 0 0
Item = 331 GoldRing 1 10 45 0 0 0 0 0 0 300 0 16 14 700 200 -1 0 0 0 0 -10 -1 46 0 -1 -1 -1 0 0 0 0 0
Item = 332 SilverRing 1 10 45 0 0 0 0 0 0 300 0 16 15 350 200 -1 0 0 0 0 -10 -1 46 0 -1 -1 -1 0 0 0 0 0
Item = 333 PlatinumRing 1 10 0 0 0 0 0 0 0 300 0 16 15 -750 200 -1 0 0 0 0 -10 -1 46 0 -1 -1 -1 0 0 0 0 0
Item = 334 LuckyGoldRing 1 10 14 5 1 0 0 0 0 300 0 16 13 -2750 200 -1 0 0 0 0 -10 -1 46 0 -1 -1 -1 0 0 0 0 0
Item = 335 EmeraldRing 1 10 15 0 0 0 0 0 0 9000 0 16 10 -2500 200 -1 0 0 0 0 -10 -1 46 0 -1 -1 -1 0 0 0 0 0
Item = 336 SapphireRing 1 10 0 0 0 0 0 0 0 5000 0 16 11 -2450 200 -1 0 0 0 0 -10 -1 46 0 -1 -1 -1 0 0 0 0 0
Item = 337 RubyRing 1 10 15 0 0 0 0 0 0 5000 0 16 12 -1800 200 -1 0 0 0 0 -10 -1 46 0 -1 -1 -1 0 0 0 0 0
Item = 338 MemorialRing 1 10 0 0 0 0 0 0 0 300 0 16 12 -1000 200 -1 0 0 0 0 -10 -1 46 0 -1 -1 -1 0 0 0 0 0
Item = 350 Diamond 5 0 0 0 0 0 0 0 0 1 0 16 42 -3000 200 1 0 0 0 0 0 -1 46 0 -1 -1 -1 0 0 0 0 0
Item = 351 Ruby 5 0 0 0 0 0 0 0 0 1 0 16 43 -2000 200 1 0 0 0 0 0 -1 46 0 -1 -1 -1 0 0 0 0 0
Item = 352 Sapphire 5 0 0 0 0 0 0 0 0 1 0 16 44 -2000 200 1 0 0 0 0 0 -1 46 0 -1 -1 -1 0 0 0 0 0
Item = 353 Emerald 5 0 0 0 0 0 0 0 0 1 0 16 45 -2000 200 1 0 0 0 0 0 -1 46 0 -1 -1 -1 0 0 0 0 0
Item = 354 GoldNugget 5 0 0 0 0 0 0 0 0 1 0 16 21 -300 300 1 0 0 0 0 0 -1 46 0 -1 -1 -1 0 0 0 0 0
Item = 355 Coal 5 0 0 0 0 0 0 0 0 1 0 16 22 -50 180 1 0 0 0 0 0 -1 46 0 -1 -1 -1 0 0 0 0 0
Item = 356 SilverNugget 5 0 0 0 0 0 0 0 0 1 0 16 23 -200 220 1 0 0 0 0 0 -1 46 0 -1 -1 -1 0 0 0 0 0
Item = 357 IronOre 5 0 0 0 0 0 0 0 0 1 0 16 24 -100 250 1 0 0 0 0 0 -1 46 0 -1 -1 -1 0 0 0 0 0
Item = 358 Crystal 5 0 0 0 0 0 0 0 0 1 0 16 46 -300 200 1 0 0 0 0 0 -1 46 0 -1 -1 -1 0 0 0 0 0
Item = 360 Dye(Indigo) 		11 0 17 1 0 0 0 0 0 1 0 6 58 100 1 -1 0 0 0 0 0 -1 42 0 25 0 -1 -1 0 0 0 0 0
Item = 361 Dye(CrimsonRed) 	11 0 17 4 0 0 0 0 0 1 0 6 61 100 1 -1 0 0 0 0 0 -1 42 0 25 0 -1 -1 0 0 0 0 0
Item = 362 Dye(Gold) 		11 0 17 3 0 0 0 0 0 1 0 6 60 100 1 -1 0 0 0 0 0 -1 42 0 25 0 -1 -1 0 0 0 0 0
Item = 363 Dye(Aqua) 		11 0 17 7 0 0 0 0 0 1 0 6 64 100 1 -1 0 0 0 0 0 -1 42 0 25 0 -1 -1 0 0 0 0 0
Item = 364 Dye(Pink) 		11 0 17 8 0 0 0 0 0 1 0 6 65 100 1 -1 0 0 0 0 0 -1 42 0 25 0 -1 -1 0 0 0 0 0
Item = 365 Dye(Violet) 		11 0 17 9 0 0 0 0 0 1 0 6 66 100 1 -1 0 0 0 0 0 -1 42 0 25 0 -1 -1 0 0 0 0 0
Item = 366 Dye(Blue) 		11 0 17 10 0 0 0 0 0 1 0 6 67 100 1 -1 0 0 0 0 0 -1 42 0 25 0 -1 -1 0 0 0 0 0
Item = 367 Dye(Khaki) 		11 0 17 11 0 0 0 0 0 1 0 6 69 100 1 -1 0 0 0 0 0 -1 42 0 25 0 -1 -1 0 0 0 0 0
Item = 368 Dye(Red) 		11 0 17 14 0 0 0 0 0 1 0 6 71 100 1 -1 0 0 0 0 0 -1 42 0 25 0 -1 -1 0 0 0 0 0
Item = 369 Dye(Green) 		11 0 17 5 0 0 0 0 0 1 0 6 71 100 1 -1 0 0 0 0 0 -1 42 0 25 0 -1 -1 0 0 0 0 0
Item = 370 Dye(Black) 		11 0 17 6 0 0 0 0 0 1 0 6 71 100 1 -1 0 0 0 0 0 -1 42 0 25 0 -1 -1 0 0 0 0 0
Item = 376 DecolorationPotion 11 0 17 0 0 0 0 0 0 1 0 6 58 100 1 -1 0 0 0 0 0 -1 42 0 -1 -1 -1 0 0 0 0 0
Item = 380 IceStormManual 3 0 18 55 0 0 0 0 0 0 0 6 91 -100 1 -1 0 0 0 0 0 -1 42 1 -1 -1 -1 2 0 0 0 0
Item = 381 MassFireStrikeManual 3 0 18 61 0 0 0 0 0 0 0 6 91 -100 1 -1 0 0 0 0 0 -1 42 2 -1 -1 -1 2 0 0 0 0
Item = 382 BloodyShockW.Manual 3 0 18 70 0 0 0 0 0 0 0 6 91 -100 1 -1 0 0 0 0 0 -1 42 2 -1 -1 -1 2 0 0 0 0
Item = 385 HandAttackManual 3 0 9 5 20 0 0 0 0 0 0 6 92 100 1 -1 0 0 0 0 0 -1 42 0 -1 -1 -1 0 0 0 0 0
Item = 386 ShortSwordManual 3 0 9 7 20 0 0 0 0 0 0 6 92 100 1 -1 0 0 0 0 0 -1 42 0 -1 -1 -1 0 0 0 0 0
Item = 390 PowerGreenPotion 7 0 22 300 0 0 0 0 0 1 0 6 5 -600 30 -1 0 0 0 0 0 -1 21 0 -1 -1 -1 0 0 0 0 0
Item = 391 SuperGreenPotion 7 0 22 600 0 0 0 0 0 1 0 6 5 -1200 30 -1 0 0 0 0 0 -1 21 0 -1 -1 -1 0 0 0 0 0
Item = 392 aHeroHood(M) 1 1 2 12 9 0 0 0 0 1500 0 21 9 -12000 1500 12 0 0 1 -7 -7 -1 6 0 100 100 100 3 6 200 1 1
Item = 393 aHeroHood(W) 1 1 2 12 9 0 0 0 0 1500 0 21 9 -12000 1500 12 0 0 2 -7 -7 -1 6 0 100 100 100 3 6 200 1 1
Item = 394 eHeroHood(M) 1 1 2 12 9 0 0 0 0 1500 0 21 8 -12000 1500 11 0 0 1 -7 -7 -1 6 0 100 100 100 3 6 200 1 1
Item = 395 eHeroHood(W) 1 1 2 12 9 0 0 0 0 1500 0 21 8 -12000 1500 11 0 0 2 -7 -7 -1 6 0 100 100 100 3 6 200 1 1
Item = 400 AresdenHeroCape 1 12 2 2 1 1 1 1 1 300 0 20 0 -2000 200 1 0 0 0 0 0 -1 13 0 -1 -1 -1 0 0 0 0 0
Item = 401 ElvineHeroCape 1 12 2 2 1 1 1 1 1 300 0 20 1 -2000 200 2 0 0 0 0 0 -1 13 0 -1 -1 -1 0 0 0 0 0
Item = 402 Cape 1 12 2 2 1 1 1 1 1 300 0 20 2 1000 200 3 0 0 0 0 0 -1 12 0 -1 -1 -1 0 0 0 0 0
Item = 403 aHeroHelm(M) 1 1 2 18 10 0 0 0 0 2500 0 21 7 -16000 10000 10 0 0 1 -7 -7 -1 6 0 100 100 100 1 1 200 1 1
Item = 404 aHeroHelm(W) 1 1 2 18 10 0 0 0 0 2500 0 21 7 -16000 10000 10 0 0 2 -7 -7 -1 6 0 100 100 100 1 1 200 1 1
Item = 405 eHeroHelm(M) 1 1 2 18 10 0 0 0 0 2500 0 21 6 -16000 10000 9 0 0 1 -7 -7 -1 6 0 100 100 100 1 1 200 1 1
Item = 406 eHeroHelm(W) 1 1 2 18 10 0 0 0 0 2500 0 21 6 -16000 10000 9 0 0 2 -7 -7 -1 6 0 100 100 100 1 1 200 1 1
Item = 407 aHeroCap(M) 1 1 2 12 9 0 0 0 0 1500 0 21 9 -12000 1500 12 0 0 1 -7 -7 -1 6 0 100 100 100 2 4 200 1 1
Item = 408 aHeroCap(W) 1 1 2 12 9 0 0 0 0 1500 0 21 9 -12000 1500 12 0 0 2 -7 -7 -1 6 0 100 100 100 2 4 200 1 1
Item = 409 eHeroCap(M) 1 1 2 12 9 0 0 0 0 1500 0 21 8 -12000 1500 11 0 0 1 -7 -7 -1 6 0 100 100 100 2 4 200 1 1
Item = 410 eHeroCap(W) 1 1 2 12 9 0 0 0 0 1500 0 21 8 -12000 1500 11 0 0 2 -7 -7 -1 6 0 100 100 100 2 4 200 1 1
Item = 411 aHeroArmor(M) 1 2 2 45 20 0 0 0 0 5000 0 9 8 -40000 10000 9 0 0 1 -5 -5 0 6 0 100 100 100 0 1 250 1 1
Item = 412 aHeroArmor(W) 1 2 2 45 20 0 0 0 0 5000 0 13 9 -40000 10000 10 0 0 2 -5 -5 0 6 0 100 100 100 0 1 250 1 1
Item = 413 eHeroArmor(M) 1 2 2 45 20 0 0 0 0 5000 0 9 7 -40000 10000 8 0 0 1 -5 -5 0 6 0 100 100 100 0 1 250 1 1
Item = 414 eHeroArmor(W) 1 2 2 45 20 0 0 0 0 5000 0 13 8 -40000 10000 9 0 0 2 -5 -5 0 6 0 100 100 100 0 1 250 1 1
Item = 415 aHeroRobe(M) 1 2 2 20 18 0 0 0 0 4000 0 9 10 -30000 1500 11 0 0 1 0 0 0 6 0 100 100 100 2 4 200 1 1
Item = 416 aHeroRobe(W) 1 2 2 20 18 0 0 0 0 4000 0 13 11 -30000 1500 12 0 0 2 0 0 0 6 0 100 100 100 2 4 200 1 1
Item = 417 eHeroRobe(M) 1 2 2 20 18 0 0 0 0 4000 0 9 9 -30000 1500 10 0 0 1 0 0 0 6 0 100 100 100 2 4 200 1 1
Item = 418 eHeroRobe(W) 1 2 2 20 18 0 0 0 0 4000 0 13 10 -30000 1500 11 0 0 2 0 0 0 6 0 100 100 100 2 4 200 1 1
Item = 419 aHeroHauberk(M) 1 3 2 15 7 0 0 0 0 2000 0 7 3 -14000 1500 4 0 0 1 -3 -3 0 6 0 100 100 100 0 1 15 1 1
Item = 420 aHeroHauberk(W) 1 3 2 15 7 0 0 0 0 2000 0 11 4 -14000 1500 5 0 0 2 -3 -3 0 6 0 100 100 100 0 1 15 1 1
Item = 421 eHeroHauberk(M) 1 3 2 15 7 0 0 0 0 2000 0 7 2 -14000 1500 3 0 0 1 -3 -3 0 6 0 100 100 100 0 1 15 1 1
Item = 422 eHeroHauberk(W) 1 3 2 15 7 0 0 0 0 2000 0 11 3 -14000 1500 4 0 0 2 -3 -3 0 6 0 100 100 100 0 1 15 1 1
Item = 423 aHeroLeggings(M) 1 4 2 18 10 1 1 1 1 3000 0 8 5 -22000 1500 6 0 0 1 -6 -6 0 6 0 100 100 100 0 1 15 1 1
Item = 424 aHeroLeggings(W) 1 4 2 18 10 1 1 1 1 3000 0 12 6 -22000 1500 7 0 0 2 -6 -6 0 6 0 100 100 100 0 1 15 1 1
Item = 425 eHeroLeggings(M) 1 4 2 18 10 1 1 1 1 3000 0 8 4 -22000 1500 5 0 0 1 -6 -6 0 6 0 100 100 100 0 1 15 1 1
Item = 426 eHeroLeggings(W) 1 4 2 18 10 1 1 1 1 3000 0 12 5 -22000 1500 6 0 0 2 -6 -6 0 6 0 100 100 100 0 1 15 1 1
Item = 427 AresdenHeroCape+1 	1 12 2   2   1 1 1 1 1 300  0 20 3   -2000   200 4 0 0 0  0 0 -1 13 0   100 100 100 0 0   0 0 0
Item = 428 ElvineHeroCape+1 		1 12 2   2   1 1 1 1 1 300  0 20 4   -2000   200 5 0 0 0  0 0 -1 13 0   100 100 100 0 0   0 0 0
Item = 429 Cape+1 1 12 2 2 1 1 1 1 1 300 0 20 5 1000 200 6 0 0 0 0 0 -1 12 0 -1 -1 -1 0 0 0 0 0
Item = 450 Shoes 1 5 2 1 1 1 1 1 1 300 0 5 0 20 200 1 0 0 0 0 0 0 12 0 -1 -1 -1 0 1 15 0 0
Item = 451 LongBoots 1 5 2 1 1 1 1 1 1 300 0 5 1 100 500 2 0 0 0 0 0 0 12 0 -1 -1 -1 0 1 20 0 0
Item = 453 Shirt(M) 1 3 2 1 1 1 1 1 1 300 0 7 0 20 100 1 0 0 1 0 0 0 11 0 -1 -1 -1 0 1 15 0 0
Item = 454 Hauberk(M) 1 3 2 8 2 0 0 0 0 300 0 7 1 400 1200 2 0 0 1 -3 -3 0 6 0 -1 -1 -1 0 1 20 0 0
Item = 455 LeatherArmor(M) 1 2 2 10 3 0 0 0 0 400 0 9 0 500 1500 1 0 0 1 -5 -5 0 6 0 -1 -1 -1 0 1 25 0 0
Item = 456 ChainMail(M) 1 2 2 30 4 0 0 0 0 1000 0 9 1 1200 3000 2 0 0 1 -12 -12 0 6 0 -1 -1 -1 0 1 25 0 0
Item = 457 ScaleMail(M) 1 2 2 20 4 0 0 0 0 600 0 9 2 900 2000 3 0 0 1 -8 -8 0 6 0 -1 -1 -1 0 1 25 0 0
Item = 458 PlateMail(M) 1 2 2 37 10 0 0 0 0 3000 0 9 3 4500 10000 4 0 0 1 -10 -10 0 6 0 -1 -1 -1 0 1 100 0 0
Item = 459 Trousers(M) 1 4 2 1 1 1 1 1 1 300 0 8 0 80 100 1 0 0 1 0 0 0 11 0 -1 -1 -1 0 1 15 0 0
Item = 460 KneeTrousers(M) 1 4 2 1 1 1 1 1 1 300 0 8 1 20 100 2 0 0 1 0 0 0 11 0 -1 -1 -1 0 1 15 0 0
Item = 461 ChainHose(M) 1 4 2 6 2 1 1 1 1 500 0 8 2 400 1000 3 0 0 1 -3 -3 0 6 0 -1 -1 -1 0 1 10 0 0
Item = 462 PlateLeggings(M) 1 4 2 12 4 1 1 1 1 1000 0 8 3 1000 2000 4 0 0 1 -6 -6 0 6 0 -1 -1 -1 0 1 50 0 0
Item = 470 Chemise(W) 1 3 2 1 1 1 1 1 1 300 0 11 0 200 100 1 0 0 2 0 0 0 11 0 -1 -1 -1 0 0 0 0 0
Item = 471 Shirt(W) 1 3 2 1 1 1 1 1 1 300 0 11 1 20 100 2 0 0 2 0 0 0 11 0 -1 -1 -1 0 0 0 0 0
Item = 472 Hauberk(W) 1 3 2 8 2 0 0 0 0 300 0 11 2 400 1200 3 0 0 2 -3 -3 0 6 0 -1 -1 -1 0 1 20 0 0
Item = 473 Bodice(W) 1 2 2 1 1 1 1 1 1 400 0 13 0 150 200 1 0 0 2 -1 -1 0 11 0 -1 -1 -1 0 1 20 0 0
Item = 474 LongBodice(W) 1 2 2 1 1 1 1 1 1 400 0 13 1 180 200 2 0 0 2 -1 -1 0 11 0 -1 -1 -1 0 1 25 0 0
Item = 475 LeatherArmor(W) 1 2 2 10 3 0 0 0 0 400 0 13 2 500 1500 3 0 0 2 -5 -5 0 6 0 -1 -1 -1 0 1 25 0 0
Item = 476 ChainMail(W) 1 2 2 30 4 0 0 0 0 1000 0 13 3 1200 3000 4 0 0 2 -12 -12 0 6 0 -1 -1 -1 0 1 25 0 0
Item = 477 ScaleMail(W) 1 2 2 20 4 0 0 0 0 600 0 13 4 900 2000 5 0 0 2 -8 -8 0 6 0 -1 -1 -1 0 1 25 0 0
Item = 478 PlateMail(W) 1 2 2 37 10 0 0 0 0 3000 0 13 5 4500 10000 6 0 0 2 -10 -10 0 6 0 -1 -1 -1 0 1 100 0 0
Item = 479 Skirt(W) 1 4 2 1 1 1 1 1 1 300 0 12 0 200 100 1 0 0 2 0 0 0 11 0 -1 -1 -1 0 1 25 0 0
Item = 480 Trousers(W) 1 4 2 1 1 1 1 1 1 300 0 12 1 80 100 2 0 0 2 0 0 0 11 0 -1 -1 -1 0 1 25 0 0
Item = 481 KneeTrousers(W) 1 4 2 1 1 1 1 1 1 300 0 12 2 20 100 3 0 0 2 0 0 0 11 0 -1 -1 -1 0 1 25 0 0
Item = 482 ChainHose(W) 1 4 2 6 2 1 1 1 1 500 0 12 3 400 1000 4 0 0 2 -3 -3 0 6 0 -1 -1 -1 0 1 10 0 0
Item = 483 PlateLeggings(W) 1 4 2 12 4 1 1 1 1 1000 0 12 4 1000 2000 5 0 0 2 -6 -6 0 6 0 -1 -1 -1 0 1 50 0 0
Item = 484 Tunic(M) 1 2 2 3 1 1 1 1 1 300 0 9 4 350 500 5 0 0 1 0 0 0 11 0 -1 -1 -1 0 1 25 0 0
Item = 490 BloodSword 1 9 19 5 8 2 5 8 2 8000 5 1 7 -31000 13100 8 11 0 0 0 0 8 1 9 -1 -1 -1 0 1 30 0 0
Item = 491 BloodAxe 1 8 19 4 7 3 4 7 3 5000 5 15 1 -25000 6100 21 8 0 0 0 0 10 1 9 -1 -1 -1 0 1 45 0 0
Item = 492 BloodRapier 1 8 19 3 6 3 3 6 3 5000 5 1 6 -25000 1100 7 3 0 0 0 0 9 1 9 -1 -1 -1 0 1 35 0 0
Item = 500 IronIngot 12 0 0 0 0 0 0 0 0 1 0 6 76 -500 500 1 0 0 0 0 0 -1 46 0 -1 -1 -1 0 0 0 0 0
Item = 501 SuperCoal 12 0 0 0 0 0 0 0 0 1 0 6 88 -200 500 1 0 0 0 0 0 -1 46 0 -1 -1 -1 0 0 0 0 0
Item = 502 UltraCoal 12 0 0 0 0 0 0 0 0 1 0 6 88 -500 500 1 0 0 0 0 0 -1 46 0 -1 -1 -1 0 0 0 0 0
Item = 503 GoldIngot 12 0 0 0 0 0 0 0 0 1 0 6 74 -3000 500 1 0 0 0 0 0 -1 46 0 -1 -1 -1 0 0 0 0 0
Item = 504 SilverIngot 12 0 0 0 0 0 0 0 0 1 0 6 75 -2000 500 1 0 0 0 0 0 -1 46 0 -1 -1 -1 0 0 0 0 0
Item = 505 BlondeIngot 12 0 0 0 0 0 0 0 0 1 0 6 77 -1000 500 1 0 0 0 0 0 -1 46 0 -1 -1 -1 0 0 0 0 0
Item = 506 MithralIngot 12 0 0 0 0 0 0 0 0 1 0 6 78 -6000 800 1 0 0 0 0 0 -1 46 0 -1 -1 -1 0 0 0 0 0
Item = 507 BlondeStone 5 0 0 0 0 0 0 0 0 1 0 6 79 -160 180 1 0 0 0 0 0 -1 46 0 -1 -1 -1 0 0 0 0 0
Item = 508 Mithral 5 0 0 0 0 0 0 0 0 1 0 6 80 -50 180 1 0 0 0 0 0 -1 46 0 -1 -1 -1 0 0 0 0 0
Item = 511 ArenaTicket 3 0 11 4 11 0 0 0 0 1 0 6 89 -100 1 -1 0 0 0 0 0 -1 42 0 -1 -1 -1 0 0 0 0 0
Item = 513 ArenaTicket(2) 3 0 11 4 12 0 0 0 0 1 0 6 89 -100 1 -1 0 0 0 0 0 -1 42 0 -1 -1 -1 0 0 0 0 0
Item = 515 ArenaTicket(3) 3 0 11 4 13 0 0 0 0 1 0 6 89 -100 1 -1 0 0 0 0 0 -1 42 0 -1 -1 -1 0 0 0 0 0
Item = 517 ArenaTicket(4) 3 0 11 4 14 0 0 0 0 1 0 6 89 -100 1 -1 0 0 0 0 0 -1 42 0 -1 -1 -1 0 0 0 0 0
Item = 520 Bouquette 0 0 0 0 0 0 0 0 0 1 0 6 81 1000 180 1 0 0 0 0 0 -1 46 0 -1 -1 -1 0 0 0 0 0
Item = 521 FlowerBasket 0 0 0 0 0 0 0 0 0 1 0 6 82 1500 180 1 0 0 0 0 0 -1 46 0 -1 -1 -1 0 0 0 0 0
Item = 522 Flowerpot 0 0 0 0 0 0 0 0 0 1 0 6 83 500 180 1 0 0 0 0 0 -1 46 0 -1 -1 -1 0 0 0 0 0
Item = 530 ArenaTicket(5) 3 0 11 4 15 0 0 0 0 1 0 6 89 -10 1 -1 0 0 0 0 0 -1 42 0 -1 -1 -1 0 0 0 0 0
Item = 531 ArenaTicket(6) 3 0 11 4 16 0 0 0 0 1 0 6 89 -10 1 -1 0 0 0 0 0 -1 42 0 -1 -1 -1 0 0 0 0 0
Item = 532 ArenaTicket(7) 3 0 11 4 17 0 0 0 0 1 0 6 89 -10 1 -1 0 0 0 0 0 -1 42 0 -1 -1 -1 0 0 0 0 0
Item = 533 ArenaTicket(8) 3 0 11 4 18 0 0 0 0 1 0 6 89 -10 1 -1 0 0 0 0 0 -1 42 0 -1 -1 -1 0 0 0 0 0
Item = 534 ArenaTicket(9) 3 0 11 4 19 0 0 0 0 1 0 6 89 -10 1 -1 0 0 0 0 0 -1 42 0 -1 -1 -1 0 0 0 0 0
Item = 540 DemonEye 0 0 0 0 0 0 0 0 0 1 0 6 93 -3000 530 1 0 0 0 0 0 -1 31 0 -1 -1 -1 0 0 0 0 0
Item = 541 DemonHeart 0 0 0 0 0 0 0 0 0 1 0 6 94 -5000 1500 1 0 0 0 0 0 -1 31 0 -1 -1 -1 0 0 0 0 0
Item = 542 DemonMeat 7 0 7 4 8 50 0 0 0 1 0 6 95 -2000 1200 1 0 0 0 0 0 -1 31 0 -1 -1 -1 0 0 0 0 0
Item = 543 DemonLeather 5 0 0 0 0 0 0 0 0 1 0 6 96 -6000 900 1 0 0 0 0 0 -1 31 0 -1 -1 -1 0 0 0 0 0
Item = 544 UnicornHeart 0 0 0 0 0 0 0 0 0 1 0 6 97 -5000 230 1 0 0 0 0 0 -1 31 0 -1 -1 -1 0 0 0 0 0
Item = 545 UnicornHorn 0 0 0 0 0 0 0 0 0 1 0 6 98 -50000 250 1 0 0 0 0 0 -1 31 0 -1 -1 -1 0 0 0 0 0
Item = 546 UnicornMeat 7 0 7 4 8 50 0 0 0 1 0 6 99 -2000 500 1 0 0 0 0 0 -1 31 0 -1 -1 -1 0 0 0 0 0
Item = 547 UnicornLeather 5 0 0 0 0 0 0 0 0 1 0 6 100 -6000 650 1 0 0 0 0 0 -1 31 0 -1 -1 -1 0 0 0 0 0
Item = 548 WerewolfHeart 0 0 0 0 0 0 0 0 0 1 0 6 101 -210 350 1 0 0 0 0 0 -1 31 0 -1 -1 -1 0 0 0 0 0
Item = 549 WerewolfNail 5 0 0 0 0 0 0 0 0 1 0 6 102 -140 290 1 0 0 0 0 0 -1 31 0 -1 -1 -1 0 0 0 0 0
Item = 550 WerewolfMeat 7 0 7 8 4 50 0 0 0 1 0 6 103 -250 500 1 0 0 0 0 0 -1 31 0 -1 -1 -1 0 0 0 0 0
Item = 551 WerewolfTail 0 0 0 0 0 0 0 0 0 1 0 6 104 -300 550 1 0 0 0 0 0 -1 31 0 -1 -1 -1 0 0 0 0 0
Item = 552 WerewolfTeeth 5 0 0 0 0 0 0 0 0 1 0 6 105 -140 290 1 0 0 0 0 0 -1 31 0 -1 -1 -1 0 0 0 0 0
Item = 553 WerewolfLeather 5 0 0 0 0 0 0 0 0 1 0 6 106 -820 450 1 0 0 0 0 0 -1 31 0 -1 -1 -1 0 0 0 0 0
Item = 554 WerewolfClaw 5 0 0 0 0 0 0 0 0 1 0 6 107 -140 290 1 0 0 0 0 0 -1 31 0 -1 -1 -1 0 0 0 0 0
Item = 560 BattleAxe 1 9 1 3 8 0 3 9 0 1500 0 15 6 3500 9000 26 13 0 0 0 0 10 1 0 -1 -1 -1 0 1 140 0 0
Item = 570 RedCarp 7 0 7 8 4 30 0 0 0 1 0 6 14 -1200 100 -1 0 0 0 0 0 -1 31 0 -1 -1 -1 0 0 0 0 0
Item = 571 GreenCarp 7 0 7 8 4 40 0 0 0 1 0 6 15 -1500 100 -1 0 0 0 0 0 -1 31 0 -1 -1 -1 0 0 0 0 0
Item = 572 GoldCarp 7 0 7 8 4 60 0 0 0 1 0 6 16 -3000 100 -1 0 0 0 0 0 -1 31 0 -1 -1 -1 0 0 0 0 0
Item = 573 CrucianCarp 7 0 7 8 4 0 0 0 0 1 0 6 12 -200 30 -1 0 0 0 0 0 -1 31 0 -1 -1 -1 0 0 0 0 0
Item = 574 BlueSeaBream 7 0 7 8 4 50 0 0 0 1 0 6 84 -2000 80 -1 0 0 0 0 0 -1 31 0 -1 -1 -1 0 0 0 0 0
Item = 575 Salmon 7 0 7 8 4 10 0 0 0 1 0 6 85 -800 50 -1 0 0 0 0 0 -1 31 0 -1 -1 -1 0 0 0 0 0
Item = 576 RedSeaBream 7 0 7 8 4 50 0 0 0 1 0 6 86 -2000 80 -1 0 0 0 0 0 -1 31 0 -1 -1 -1 0 0 0 0 0
Item = 577 GrayMullet 7 0 7 8 4 5 0 0 0 1 0 6 87 -500 50 -1 0 0 0 0 0 -1 31 0 -1 -1 -1 0 0 0 0 0
Item = 580 BattleAxe+1 1 9 1 3 9 11 3 8 11 2000 0 15 6 6000 29000 26 13 110 0 0 0 10 1 0 -1 -1 -1 1 1 169 0 0
Item = 581 BattleAxe+2 1 9 1 3 9 12 3 8 12 4000 0 15 6 -48000 29000 26 13 0 0 0 0 10 1 0 -1 -1 -1 1 1 169 0 0
Item = 582 Sabre+2 1 8 1 1 4 2 1 4 4 1000 0 1 3 -2400 1200 4 5 20 0 -1 0 8 1 0 -1 -1 -1 1 1 65 0 0
Item = 590 Robe(M) 1 2 2 12 1 0 8 100 0 3000 0 9 5 2000 1000 6 0 0 1 0 0 0 11 0 -1 -1 -1 0 4 70 0 0
Item = 591 Robe(W) 1 2 2 12 1 0 8 100 0 3000 0 13 6 2000 1000 7 0 0 2 0 0 0 11 0 -1 -1 -1 0 4 70 0 0
Item = 600 Helm(M) 1 1 2 5 5 0 0 0 0 1500 0 21 0 800 5200 4 0 0 1 -4 -4 -1 6 0 -1 -1 -1 0 1 90 0 0
Item = 601 FullHelm(M) 1 1 2 10 6 0 0 0 0 2000 0 21 1 1500 8500 1 0 0 1 -7 -7 -1 6 0 -1 -1 -1 0 1 100 0 0
Item = 602 Helm(W) 1 1 2 5 5 0 0 0 0 1500 0 21 0 800 5200 4 0 0 2 -4 -4 -1 6 0 -1 -1 -1 0 1 90 0 0
Item = 603 FullHelm(W) 1 1 2 10 6 0 0 0 0 2000 0 21 1 1500 8500 1 0 0 2 -7 -7 -1 6 0 -1 -1 -1 0 1 100 0 0
Item = 610 XelimaBlade 1 9 24 5 3 3 3 13 3 8000 1 1 13 -31000 22000 11 11 0 0 60 0 8 1 0 0 0 0 1 1 180 0 0
Item = 611 XelimaAxe 1 9 24 4 5 4 3 10 2 5000 1 1 12 -31000 32000 26 13 0 0 60 0 10 1 0 0 0 0 1 1 180 0 0
Item = 612 XelimaRapier 1 8 24 4 4 3 3 7 2 5000 1 1 14 -25000 1100 7 3 0 0 60 0 9 1 0 0 0 0 0 1 150 0 0
Item = 613 SwordofMedusa 1 9 24 3 4 3 3 13 3 7000 3 1 16 -31000 20000 11 10 0 0 60 0 8 1 0 0 0 0 1 1 180 0 0
Item = 614 SwordofIceElemental 1 9 24 3 12 3 3 13 3 7000 2 1 15 -31000 20000 11 10 0 0 60 0 8 1 0 -1 -1 -1 1 1 180 0 0
Item = 615 GiantSword 1 9 1 4 8 4 3 13 4 1500 0 1 18 8000 23000 13 12 100 0 0 0 8 1 0 -1 -1 -1 1 1 156 0 0
Item = 616 DemonSlayer 1 9 1 7 10 8 7 10 8 5000 0 1 17 -25000 28000 13 12 0 0 0 0 8 1 9 0 0 0 1 1 156 0 0
Item = 617 CompositeBow 1 9 3 10 11 15 10 11 15 1200 0 2 2 3000 4000 41 5 70 0 0 0 6 3 0 -1 -1 -1 3 6 65 0 0
Item = 618 DarkElfBow 1 9 3 15 15 7 15 15 7 2500 0 2 3 -8000 8000 40 4 0 0 0 0 6 3 0 0 0 0 3 6 190 0 0
Item = 620 MerienShield 1 7 25 50 1 1 1 1 1 1600 52 3 9 -45000 4000 9 0 0 0 60 0 11 5 0 0 0 0 0 1 35 0 0
Item = 621 MerienPlateMailM 1 2 25 60 45 0 0 0 0 5000 50 9 3 -45000 10000 4 0 0 1 60 0 0 6 5 0 0 0 0 1 100 0 0
Item = 622 MerienPlateMailW 1 2 25 60 45 0 0 0 0 5000 50 13 5 -45000 10000 6 0 0 2 60 0 0 6 5 0 0 0 0 1 100 0 0
Item = 623 Hood(M) 		1 1 2  5 10 0 15 90 0 500 0 21 4 1500 1500 7 0 20 1 -7 -7 -1 6 0 -1 -1 -1 3 6 100 0 0
Item = 624 Hood(W)  		1 1 2  5 10 0 15 90 0 500 0 21 4 1500 1500 7 0 20 2 -7 -7 -1 6 0 -1 -1 -1 3 6 100 0 0
Item = 630 RingoftheXelima 1 10 14 3 7 0 0 0 0 300 0 16 25 -10000 500 -1 0 0 0 0 0 -1 46 0 0 0 0 1 0 0 0 0
Item = 631 RingoftheAbaddon 1 10 14 3 10 0 0 0 0 300 0 16 26 -19000 500 -1 0 0 0 0 0 -1 46 0 0 0 0 1 0 0 0 0
Item = 632 RingofOgrepower 1 10 14 3 2 0 0 0 0 300 0 16 29 -10000 500 -1 0 0 0 0 0 -1 46 0 0 0 0 1 0 0 0 0
Item = 633 RingofDemonpower 1 10 14 3 4 0 0 0 0 300 0 16 28 -10000 500 -1 0 0 0 0 0 -1 46 0 0 0 0 1 0 0 0 0
Item = 634 RingofWizard 1 10 14 6 1 0 0 0 0 300 0 16 30 -10000 500 -1 0 0 0 0 0 -1 46 0 0 0 0 2 0 0 0 0
Item = 635 RingofMage 1 10 14 6 2 0 0 0 0 300 0 16 31 -10000 500 -1 0 0 0 0 0 -1 46 0 0 0 0 2 0 0 0 0
Item = 636 RingofGrandMage 1 10 14 6 3 0 0 0 0 300 0 16 32 -10000 500 -1 0 0 0 0 0 -1 46 0 0 0 0 2 0 0 0 0
Item = 637 KnecklaceOfLightPro 1 6 14 7 25 0 0 0 0 300 0 16 33 -20000 1000 -1 0 0 0 0 0 -1 46 0 0 0 0 0 0 0 0 0
Item = 638 KnecklaceOfFirePro 1 6 14 9 25 0 0 0 0 300 0 16 34 -20000 1000 -1 0 0 0 0 0 -1 46 0 0 0 0 0 0 0 0 0
Item = 639 KnecklaceOfPoisonPro 1 6 14 11 50 0 0 0 0 300 0 16 35 -20000 1000 -1 0 0 0 0 0 -1 46 0 0 0 0 0 0 0 0 0
Item = 640 KnecklaceOfSufferent 1 6 14 11 110 0 0 0 0 300 0 16 36 -20000 1000 -1 0 0 0 0 0 -1 46 0 0 0 0 0 0 0 0 0
Item = 641 KnecklaceOfMedusa 1 6 14 11 500 0 0 0 0 300 0 16 36 -20000 1000 -1 0 0 0 0 0 -1 46 5 0 0 0 0 0 0 0 0
Item = 642 KnecklaceOfIcePro 1 6 14 10 25 0 0 0 0 300 0 16 37 -20000 1000 -1 0 0 0 0 0 -1 46 0 0 0 0 0 0 0 0 0
Item = 643 KnecklaceOfIceEle 1 6 14 10 50 0 0 0 0 300 0 16 38 -20000 1000 -1 0 0 0 0 0 -1 46 0 0 0 0 0 0 0 0 0
Item = 644 KnecklaceOfAirEle 1 6 14 7 50 0 0 0 0 300 0 16 40 -20000 1000 -1 0 0 0 0 0 -1 46 0 0 0 0 0 0 0 0 0
Item = 645 KnecklaceOfEfreet 1 6 14 9 50 0 0 0 0 300 0 16 41 -20000 1000 -1 0 0 0 0 0 -1 46 0 0 0 0 0 0 0 0 0
Item = 646 NecklaceOfBeholder 1 6 14 9 50 0 0 0 0 300 0 16 47 -20000 1000 -1 0 0 0 0 0 -1 46 0 0 0 0 0 0 0 0 0
Item = 647 NecklaceOfStoneGol 1 6 14 8 50 0 0 0 0 300 0 16 48 -20000 1000 -1 0 0 0 0 0 -1 46 0 0 0 0 0 0 0 0 0
Item = 648 NecklaceOfLiche 1 6 14 2 15 0 0 0 0 300 0 16 51 -10000 600 -1 0 0 0 0 -10 -1 46 0 0 0 0 2 0 0 0 0
Item = 650 ZemstoneofSacrifice 0 0 26 0 0 0 0 0 0 3 0 16 39 -5000 5000 -1 0 0 0 0 0 -1 0 0 0 0 0 0 0 0 0 0
Item = 651 GreenBall 0 0 0 0 0 0 0 0 0 3 0 6 123 -5000 4000 -1 0 0 0 0 0 -1 31 0 -1 -1 -1 0 0 0 0 0
Item = 652 RedBall 0 0 0 0 0 0 0 0 0 3 0 6 124 -5000 4000 -1 0 0 0 0 0 -1 31 0 -1 -1 -1 0 0 0 0 0
Item = 653 YellowBall 0 0 0 0 0 0 0 0 0 3 0 6 125 -5000 4000 -1 0 0 0 0 0 -1 31 0 -1 -1 -1 0 0 0 0 0
Item = 654 BlueBall 0 0 0 0 0 0 0 0 0 3 0 6 126 -5000 4000 -1 0 0 0 0 0 -1 31 0 -1 -1 -1 0 0 0 0 0
Item = 655 PearlBall 0 0 0 0 0 0 0 0 0 3 0 6 127 -5000 4000 -1 0 0 0 0 0 -1 31 0 -1 -1 -1 0 0 0 0 0
Item = 656 StoneOfXelima 0 0 0 0 0 0 0 0 0 3 0 6 128 -10000 4000 -1 0 0 0 0 0 -1 31 0 0 0 0 0 0 0 0 0
Item = 657 StoneOfMerien 0 0 0 0 0 0 0 0 0 3 0 6 129 -10000 4000 -1 0 0 0 0 0 -1 31 0 0 0 0 0 0 0 0 0
Item = 658 AresdenMinePotion 7 0 4 2 12 10 0 0 0 1 0 6 1 10 30 -1 0 0 0 0 0 -1 21 0 -1 -1 -1 0 0 0 0 0
Item = 659 ElvineMinePotion 7 0 4 2 12 10 0 0 0 1 0 6 1 10 30 -1 0 0 0 0 0 -1 21 0 -1 -1 -1 0 0 0 0 0
Item = 660 UnfreezePotion 7 0 28 2 12 10 0 0 0 1 0 6 130 -200 50 -1 0 0 0 0 0 -1 21 0 -1 -1 -1 0 0 0 0 0
Item = 661 ArcherArmor(M) 		1 2 2 20 20 0 15 100 0 600 0 9 2   900 2000 3 0 100 1 -8 -8 0 6 11 -1 -1 -1 3 6 250 0 0
Item = 662 ArcherHood(M) 		1 1 2   5 10 0 15 90 0 500 0 21 4 1500 1500 7 0 100 1 -7 -7 -1 6 11 -1 -1 -1 3 6 200 0 0
Item = 663 ArcherArmor(W) 		1 2 2 20 20 0 15 100 0 600 0 13 4 900 2000 5 0 100 2 -8 -8 0 6 11 -1 -1 -1 3 6 250 0 0
Item = 664 ArcherHood(W)  		1 1 2  5 10 0 15 90 0 500 0 21 4 1500 1500 7 0 100 2 -7 -7 -1 6 11 -1 -1 -1 3 6 200 0 0
Item = 671 KnightRapier 1 8 1 2 8 3 2 8 3 1100 0 1 6 3200 1200 7 3 95 0 0 0 9 1 11 -1 -1 -1 0 1 100 0 0
Item = 672 KnightGreatSword 1 9 1 3 2 8 3 2 8 1200 0 1 10 3500 5200 11 8 85 0 -8 5 8 1 11 -1 -1 -1 0 1 120 0 0
Item = 673 KnightFlameberge 1 9 1 3 2 8 3 2 8 1200 0 1 11 3700 6000 12 10 95 0 -15 10 8 1 11 -1 -1 -1 0 1 170 0 0
Item = 674 KnightWarAxe 1 8 1 3 2 9 3 2 9 1200 0 15 1 3000 4400 21 8 85 0 0 0 10 1 11 -1 -1 -1 0 1 120 0 0
Item = 675 KnightPlateMail(M) 1 2 2 40 15 0 0 0 0 3500 0 9 3 6000 10000 4 0 100 1 -10 -10 0 6 11 -1 -1 -1 0 1 150 0 0
Item = 676 KnightPlateMail(W) 1 2 2 40 15 0 0 0 0 3500 0 13 5 6000 10000 6 0 100 2 -10 -10 0 6 11 -1 -1 -1 0 1 150 0 0
Item = 677 KnightPlateLeg(M) 1 4 2 15 6 1 1 1 1 1100 0 8 3 3000 2000 4 0 100 1 -6 -6 0 6 11 -1 -1 -1 0 1 100 0 0
Item = 678 KnightPlateLeg(W) 1 4 2 15 6 1 1 1 1 1100 0 12 4 3000 2000 5 0 100 2 -6 -6 0 6 11 -1 -1 -1 0 1 100 0 0
Item = 679 KnightFullHelm(M) 1 1 2 12 7 0 0 0 0 2000 0 21 1 3500 8500 1 0 100 1 -7 -7 -1 6 11 -1 -1 -1 0 1 130 0 0
Item = 680 KnightFullHelm(W) 1 1 2 12 7 0 0 0 0 2000 0 21 1 3500 8500 1 0 100 2 -7 -7 -1 6 11 -1 -1 -1 0 1 130 0 0
Item = 681 WizardHauberk(M) 1 3 2 12 4 0 14 100 0 1000 0 7 1 2400 1200 2 0 100 1 -3 -3 0 6 11 -1 -1 -1 2 4 100 0 0
Item = 682 WizardHauberk(W) 1 3 2 12 4 0 14 100 0 1000 0 11 2 2400 1200 3 0 100 2 -3 -3 0 6 11 -1 -1 -1 2 4 100 0 0
Item = 683 WizMagicWand(MS20) 1 8 13 1 6 0 20 0 0 3600 10 17 1 6000 1000 36 1 100 0 0 0 21 8 4 -1 -1 -1 0 0 0 0 0
Item = 684 WizMagicWand(MS10) 1 8 13 1 6 0 10 0 0 3600 10 17 1 5500 1000 36 1 100 0 0 0 21 8 4 -1 -1 -1 0 0 0 0 0
Item = 685 WizardRobe(M) 1 2 2 12 9 0 14 100 0 3000 0 9 5 3000 1000 6 0 100 1 0 0 0 13 11 -1 -1 -1 0 4 100 0 0
Item = 686 WizardRobe(W) 1 2 2 12 9 0 14 100 0 3000 0 13 6 3000 1000 7 0 100 2 0 0 0 13 11 -1 -1 -1 0 4 100 0 0
Item = 687 KnightHauberk(M) 1 3 2 12 5 0 10 100 0 1000 0 7 1 2400 1200 2 0 100 1 -3 -3 0 6 11 -1 -1 -1 0 1 100 0 0
Item = 688 KnightHauberk(W) 1 3 2 12 5 0 10 100 0 1000 0 11 2 2400 1200 3 0 100 2 -3 -3 0 6 11 -1 -1 -1 0 1 100 0 0
Item = 700 SangAhHauberk 1 3 2 18 18 0 0 0 0 30000 0 7 1 -2400 1200 2 0 0 1 -3 -3 0 6 6 -1 -1 -1 0 0 0 0 0
Item = 701 SangAhFullHel 1 1 2 17 27 0 0 0 0 30000 0 21 1 -3500 8500 1 0 0 1 -7 -7 -1 6 6 -1 -1 -1 0 0 0 0 0
Item = 702 SangAhLeggings 1 4 2 21 28 1 1 1 1 30000 0 8 3 -3000 2000 4 0 0 1 -6 -6 0 6 6 -1 -1 -1 0 0 0 0 0
Item = 703 SangAhFlameberge 1 9 1 4 7 0 4 7 0 50000 0 1 11 -3700 6000 12 10 0 0 -15 10 8 1 6 -1 -1 -1 0 0 0 0 0
Item = 704 SangAhPlateMail 1 2 2 53 55 0 0 0 0 30000 0 9 3 -1000 10000 4 0 0 1 -10 -10 0 6 6 -1 -1 -1 0 0 0 0 0
Item = 705 SangAhJewel 5 0 0 0 0 0 0 0 0 1 0 16 42 -5000 200 1 0 0 0 0 0 -1 46 0 -1 -1 -1 0 0 0 0 0
Item = 706 DarkKnightHauberk 1 3 2 18 6 0 0 0 0 30000 0 7 1 -1 1200 2 0 310 1 -3 -3 0 6 6 -1 -1 -1 1 1 100 0 0
Item = 707 DarkKnightFullHelm 1 1 2 17 9 0 0 0 0 30000 0 21 1 -1 8500 1 0 310 1 -7 -7 -1 6 6 -1 -1 -1 1 1 130 0 0
Item = 708 DarkKnightLeggings 1 4 2 21 9 1 1 1 1 30000 0 8 3 -1 2000 4 0 310 1 -6 -6 0 6 6 -1 -1 -1 1 1 100 0 0
Item = 709 DarkKnightFlameberge 1 9 1 3 2 5 3 2 5 30000 0 1 11 -1 6000 12 10 310 0 -15 10 8 1 6 -1 -1 -1 1 1 60 0 0
Item = 710 DarkKnightPlateMail 1 2 2 53 18 0 0 0 0 30000 0 9 3 -1 10000 4 0 310 1 -10 -10 0 6 6 -1 -1 -1 1 0 0 0 0
Item = 711 DarkMageHauberk 1 3 2 18 18 0 14 120 0 30000 0 7 1 -1 1200 2 0 310 1 -3 -3 0 6 6 -1 -1 -1 2 4 100 0 0
Item = 712 DarkMageChainMail 1 2 2 36 38 0 14 200 0 30000 0 9 1 -1 3000 2 0 310 1 -12 -12 0 6 6 -1 -1 -1 2 4 130 0 0
Item = 713 DarkMageLeggings 1 4 2 21 28 1 14 150 1 30000 0 8 3 -1 2000 4 0 310 1 -6 -6 0 6 6 -1 -1 -1 2 4 100 0 0
Item = 714 DarkMageMagicStaff 1 8 13 1 6 0 25 0 0 30000 10 17 1 -1 1000 36 3 310 0 0 0 21 8 6 -1 -1 -1 2 4 130 0 0
Item = 715 DarkMageRobe  1 2 2 22 20 0 14 100 0 30000 0 9 5 -1 1000 6 0 310 1 0 0 0 11 6 -1 -1 -1 2 4 150 0 0
Item = 716 DarkMageLedderArmor 1 2 2 24 22 0 0 0 0 30000 0 9 0 -1 1500 1 0 0 1 -5 -5 0 6 6 -1 -1 -1 2 4 100 0 0
Item = 717 DarkKnightRapier 1 8 1 1 7 0 1 7 0 30000 0 1 6 -1 1100 7 3 0 0 0 0 9 1 6 -1 -1 -1 2 0 0 0 0
Item = 718 DarkKnightGreatSword 1 9 1 2 8 0 2 10 0 30000 0 1 10 -1 5200 11 8 0 0 -8 5 8 1 6 -1 -1 -1 0 0 0 0 0
Item = 719 DarkMageScaleMail 1 2 2 32 30 0 0 0 0 30000 0 9 2 -1 2000 3 0 0 1 -8 -8 0 6 6 -1 -1 -1 0 0 0 0 0
Item = 720 Songpyon 7 0 22 900 0 0 0 0 0 1 0 6 115 -2400 20 -1 0 0 0 0 0 -1 21 0 -1 -1 -1 0 0 0 0 0
Item = 721 Ginseng 7 0 28 2 12 10 0 0 0 1 0 6 114 -600 50 -1 0 0 0 0 0 -1 21 0 -1 -1 -1 0 0 0 0 0
Item = 722 BeefRibSet 0 0 0 0 0 0 0 0 0 1 0 6 116 -50000 5000 -1 0 0 0 0 0 -1 0 0 -1 -1 -1 0 0 0 0 0
Item = 723 Wine 0 0 0 0 0 0 0 0 0 1 0 6 117 -25000 250 -1 0 0 0 0 0 -1 0 0 -1 -1 -1 0 0 0 0 0
Item = 724 DarkKnightHauberkW 1 3 2 18 6 0 0 0 0 30000 0 11 2 -1 1200 3 0 310 2 -3 -3 0 6 6 -1 -1 -1 1 1 100 0 0
Item = 725 DarkKnightFullHelmW 1 1 2 17 9 0 0 0 0 30000 0 21 1 -1 8500 1 0 310 2 -7 -7 -1 6 6 -1 -1 -1 1 1 130 0 0
Item = 726 DarkKnightLeggingsW 1 4 2 21 9 1 1 1 1 30000 0 12 4 -1 2000 5 0 310 2 -6 -6 0 6 6 -1 -1 -1 1 1 100 0 0
Item = 727 DarkKnightFlamebergW 1 9 1 4 7 0 4 7 0 30000 0 1 11 -1 6000 12 10 310 0 -15 10 8 1 6 -1 -1 -1 1 0 0 0 0
Item = 728 DarkKnightPlateMailW 1 2 2 53 18 0 0 0 0 30000 0 13 5 -1 10000 6 0 310 2 -10 -10 0 6 6 -1 -1 -1 1 1 150 0 0
Item = 729 DarkMageHauberkW 1 3 2 18 6 0 0 0 0 30000 0 11 2 -1 1200 3 0 310 2 -3 -3 0 6 6 -1 -1 -1 2 4 100 0 0
Item = 730 DarkMageChainMailW 1 2 2 36 12 0 0 0 0 30000 0 13 3 -1 3000 4 0 310 2 -12 -12 0 6 6 -1 -1 -1 2 4 130 0 0
Item = 731 DarkMageLeggingsW 1 4 2 21 9 1 1 1 1 30000 0 12 4 -1 2000 5 0 310 2 -6 -6 0 6 6 -1 -1 -1 2 4 100 0 0
Item = 732 DarkMageMagicStaffW 1 8 13 1 6 0 25 0 0 30000 10 17 1 -1 1000 36 3 0 0 0 0 21 8 6 -1 -1 -1 2 4 130 0 0
Item = 733 DarkMageRobeW 1 2 2 22 15 0 14 100 0 30000 0 13 6 -1 1000 7 0 310 2 0 0 0 11 6 -1 -1 -1 2 4 130 0 0
Item = 734 RingofArcmage 1 10 14 6 4 0 0 0 0 300 0 16 49 -10000 500 -1 0 0 0 0 0 -1 46 0 0 0 0 2 0 0 0 0
Item = 735 RingofDragonpower 1 10 14 3 5 0 0 0 0 300 0 16 50 -10000 500 -1 0 0 0 0 0 -1 46 0 -1 -1 -1 1 0 0 0 0
Item = 736 SangAhGiantSword 1 9 1 2 10 2 2 12 2 50000 0 1 18 -3700 6000 13 10 120 0 -15 10 8 1 6 -1 -1 -1 0 0 0 0 0
Item = 737 DarkKnightGiantSword 1 9 1 4 3 5 4 3 5 30000 0 1 18 -1 6000 13 10 310 0 -15 10 8 1 6 -1 -1 -1 1 1 60 0 0
Item = 738 DarkMageMagicWand 1 8 13 1 6 0 28 0 0 30000 10 17 0 -1 1000 35 1 310 0 0 0 21 8 6 -1 -1 -1 2 4 170 0 0
Item = 740 5000GoldPocket 0 0 0 0 0 0 0 0 0 1 0 6 118 -10000 500 -1 0 0 0 0 0 -1 21 0 -1 -1 -1 0 0 0 0 0
Item = 741 10000GoldPocket 0 0 0 0 0 0 0 0 0 1 0 6 119 -20000 1000 -1 0 0 0 0 0 -1 21 0 -1 -1 -1 0 0 0 0 0
Item = 742 50000GoldPocket 0 0 0 0 0 0 0 0 0 1 0 6 120 -100000 2000 -1 0 0 0 0 0 -1 21 0 -1 -1 -1 0 0 0 0 0
Item = 743 100000GoldPocket 0 0 0 0 0 0 0 0 0 1 0 6 121 -200000 3000 -1 0 0 0 0 0 -1 21 0 -1 -1 -1 0 0 0 0 0
Item = 744 1000000GoldPocket 0 0 0 0 0 0 0 0 0 1 0 6 122 -2000000 4000 -1 0 0 0 0 0 -1 21 0 -1 -1 -1 0 0 0 0 0
Item = 745 BlackKnightTemple 1 9 1 4 6 5 4 6 5 30000 0 1 20 -3700 21000 14 10 310 0 -15 10 8 1 6 -1 -1 -1 1 1 60 0 0
Item = 746 BlackMageTemple 1 8 13 1 6 0 25 0 0 30000 10 17 2 -6000 1000 37 3 310 0 0 0 21 8 6 -1 -1 -1 2 4 200 0 0
Item = 750 Horned-Helm(M) 1 1 2 17 8 0 0 0 0 3500 0 21 2 4000 16000 5 0 100 1 -7 -7 -1 6 0 -1 -1 -1 1 1 150 0 0
Item = 751 Wings-Helm(M) 1 1 2 15 8 0 0 0 0 2500 0 21 3 5000 13000 6 0 100 1 -7 -7 -1 6 0 -1 -1 -1 1 1 130 0 0
Item = 752 Wizard-Cap(M) 1 1 2 5 6 0 14 110 0 500 0 21 4 1500 1500 7 0 100 1 -7 -7 -1 6 0 -1 -1 -1 2 4 100 0 0
Item = 753 Wizard-Hat(M) 1 1 2 10 8 0 14 130 0 800 0 21 5 3000 1500 8 0 100 1 -7 -7 -1 6 0 -1 -1 -1 2 4 130 0 0
Item = 754 Horned-Helm(W) 1 1 2 17 8 0 0 0 0 3500 0 21 2 4000 16000 5 0 100 2 -7 -7 -1 6 0 -1 -1 -1 1 1 150 0 0
Item = 755 Wings-Helm(W) 1 1 2 15 8 0 0 0 0 2500 0 21 3 5000 13000 6 0 100 2 -7 -7 -1 6 0 -1 -1 -1 1 1 130 0 0
Item = 756 Wizard-Cap(W) 1 1 2 5 6 0 14 110 0 500 0 21 4 1500 1500 7 0 100 2 -7 -7 -1 6 0 -1 -1 -1 2 4 100 0 0
Item = 757 Wizard-Hat(W) 1 1 2 10 8 0 14 130 0 800 0 21 5 3000 1500 8 0 100 2 -7 -7 -1 6 0 -1 -1 -1 2 4 130 0 0
Item = 760 Hammer 1 9 1 3 8 7 3 8 7 2000 0 15 7 6000 9000 30 12 0 0 0 0 14 1 0 -1 -1 -1 1 1 156 0 0
Item = 761 BattleHammer 1 9 1 3 8 12 3 8 12 4000 0 15 8 9000 22000 31 14 110 0 0 0 14 1 0 -1 -1 -1 1 1 182 0 0
Item = 762 GiantBattleHammer 1 9 1 9 8 9 9 14 7 6000 0 15 8 -15000 24000 31 14 250 0 0 0 14 1 9 0 0 0 1 1 282 0 0
Item = 765 ThirdMemorialRing 1 10 4 0 0 0 10 0 0 300 0 16 11 -1000 200 -1 0 0 0 0 -10 -1 46 0 -1 -1 -1 0 0 0 0 0
Item = 770 SantaCostume(M) 1 13 14 10 35 0 0 0 0 1500 0 9 6 18000 1000 7 0 0 1 0 0 0 15 0 -1 -1 -1 0 0 0 0 0
Item = 771 SantaCostume(W) 1 13 14 10 35 0 0 0 0 1500 0 13 7 18000 1000 8 0 0 2 0 0 0 15 0 -1 -1 -1 0 0 0 0 0
Item = 780 RedCandy 7 0 4 3 8 200 0 0 0 1 0 6 131 500 100 -1 0 0 0 0 0 -1 21 0 -1 -1 -1 0 0 0 0 0
Item = 781 BlueCandy 7 0 5 4 8 200 0 0 0 1 0 6 132 500 100 -1 0 0 0 0 0 -1 21 0 -1 -1 -1 0 0 0 0 0
Item = 782 GreenCandy 7 0 6 4 8 200 0 0 0 1 0 6 133 500 100 -1 0 0 0 0 0 -1 21 0 -1 -1 -1 0 0 0 0 0
Item = 800 FarmingManual 3 0 9 2 20 0 0 0 0 0 0 6 92 100 1 -1 0 0 0 0 0 -1 42 0 -1 -1 -1 0 0 0 0 0
Item = 801 SeedBag(WaterMelon) 11 0 30 1 20 0 0 0 0 1 0 6 137 100 100 -1 0 0 0 0 0 -1 21 0 -1 -1 -1 0 0 0 0 0
Item = 802 SeedBag(Pumpkin) 11 0 30 2 20 0 0 0 0 1 0 6 137 100 100 -1 0 0 0 0 0 -1 21 0 -1 -1 -1 0 0 0 0 0
Item = 803 SeedBag(Garlic) 11 0 30 3 30 0 0 0 0 1 0 6 137 150 100 -1 0 0 0 0 0 -1 21 0 -1 -1 -1 0 0 0 0 0
Item = 804 SeedBag(Barley) 11 0 30 4 30 0 0 0 0 1 0 6 137 150 100 -1 0 0 0 0 0 -1 21 0 -1 -1 -1 0 0 0 0 0
Item = 805 SeedBag(Carrot) 11 0 30 5 40 0 0 0 0 1 0 6 137 200 100 -1 0 0 0 0 0 -1 21 0 -1 -1 -1 0 0 0 0 0
Item = 806 SeedBag(Radish) 11 0 30 6 40 0 0 0 0 1 0 6 137 200 100 -1 0 0 0 0 0 -1 21 0 -1 -1 -1 0 0 0 0 0
Item = 807 SeedBag(Corn) 11 0 30 7 50 0 0 0 0 1 0 6 137 250 100 -1 0 0 0 0 0 -1 21 0 -1 -1 -1 0 0 0 0 0
Item = 808 SeedBag(CBellflower) 11 0 30 8 50 0 0 0 0 1 0 6 137 250 100 -1 0 0 0 0 0 -1 21 0 -1 -1 -1 0 0 0 0 0
Item = 809 SeedBag(Melone) 11 0 30 9 60 0 0 0 0 1 0 6 137 300 100 -1 0 0 0 0 0 -1 21 0 -1 -1 -1 0 0 0 0 0
Item = 810 SeedBag(Tommato) 11 0 30 10 60 0 0 0 0 1 0 6 137 300 100 -1 0 0 0 0 0 -1 21 0 -1 -1 -1 0 0 0 0 0
Item = 811 SeedBag(Grapes) 11 0 30 11 70 0 0 0 0 1 0 6 137 350 100 -1 0 0 0 0 0 -1 21 0 -1 -1 -1 0 0 0 0 0
Item = 812 SeedBag(BlueGrapes) 11 0 30 12 70 0 0 0 0 1 0 6 137 350 100 -1 0 0 0 0 0 -1 21 0 -1 -1 -1 0 0 0 0 0
Item = 813 SeedBag(Mushroom) 11 0 30 13 80 0 0 0 0 1 0 6 137 400 100 -1 0 0 0 0 0 -1 21 0 -1 -1 -1 0 0 0 0 0
Item = 814 SeedBag(Ginseng) 11 0 30 14 90 0 0 0 0 1 0 6 137 450 100 -1 0 0 0 0 0 -1 21 0 -1 -1 -1 0 0 0 0 0
Item = 820 WaterMelon 5 0 0 0 0 0 0 0 0 1 0 6 138 -120 100 1 0 0 0 0 0 -1 31 0 -1 -1 -1 0 0 0 0 0
Item = 821 Pumpkin 5 0 0 0 0 0 0 0 0 1 0 6 139 -120 100 1 0 0 0 0 0 -1 31 0 -1 -1 -1 0 0 0 0 0
Item = 822 Garlic 5 0 0 0 0 0 0 0 0 1 0 6 140 -180 100 1 0 0 0 0 0 -1 31 0 -1 -1 -1 0 0 0 0 0
Item = 823 Barley 5 0 0 0 0 0 0 0 0 1 0 6 141 -180 100 1 0 0 0 0 0 -1 31 0 -1 -1 -1 0 0 0 0 0
Item = 824 Carrot 5 0 0 0 0 0 0 0 0 1 0 6 142 -200 100 1 0 0 0 0 0 -1 31 0 -1 -1 -1 0 0 0 0 0
Item = 825 Radish 5 0 0 0 0 0 0 0 0 1 0 6 143 -200 100 1 0 0 0 0 0 -1 31 0 -1 -1 -1 0 0 0 0 0
Item = 826 Corn 7 0 7 4 8 10 0 0 0 1 0 6 144 -240 100 -1 0 0 0 0 0 -1 31 0 -1 -1 -1 0 0 0 0 0
Item = 827 ChineseBellflower 5 0 0 0 0 0 0 0 0 1 0 6 145 -240 100 1 0 0 0 0 0 -1 31 0 -1 -1 -1 0 0 0 0 0
Item = 828 Melone 7 0 7 5 7 12 0 0 0 1 0 6 146 -300 100 -1 0 0 0 0 0 -1 31 0 -1 -1 -1 0 0 0 0 0
Item = 829 Tommato 7 0 7 5 7 10 0 0 0 1 0 6 147 -300 100 -1 0 0 0 0 0 -1 31 0 -1 -1 -1 0 0 0 0 0
Item = 830 Grapes 7 0 7 5 8 10 0 0 0 1 0 6 148 -360 100 -1 0 0 0 0 0 -1 31 0 -1 -1 -1 0 0 0 0 0
Item = 831 BlueGrapes 7 0 7 5 8 10 0 0 0 1 0 6 149 -360 100 -1 0 0 0 0 0 -1 31 0 -1 -1 -1 0 0 0 0 0
Item = 832 Mushroom 5 0 0 0 0 0 0 0 0 1 0 6 150 -400 100 1 0 0 0 0 0 -1 31 0 -1 -1 -1 0 0 0 0 0
Item = 840 SuperRedPotion 7 0 4 3 8 130 0 0 0 1 0 6 134 -2000 100 -1 0 0 0 0 0 -1 21 0 -1 -1 -1 0 0 0 0 0
Item = 841 SuperBluePotion 7 0 5 3 8 130 0 0 0 1 0 6 135 -2000 100 -1 0 0 0 0 0 -1 21 0 -1 -1 -1 0 0 0 0 0
Item = 842 SuperGreenPotion 7 0 6 4 8 130 0 0 0 1 0 6 136 -2000 100 -1 0 0 0 0 0 -1 21 0 -1 -1 -1 1 0 0 0 0
Item = 843 BarbarianHammer 1 9 1 3 9 13 3 9 13 4500 0 15 10 15000 28000 32 15 110 0 0 0 14 1 0 -1 -1 -1 1 1 350 0 0
Item = 844 BlackShadowSword 1 9 1 3 13 4 3 13 4 2800 0 1 25 10000 25000 33 14 120 0 0 0 8 1 0 -1 -1 -1 1 1 182 0 0
Item = 845 StormBringer 1 9 1 7 6 8 9 14 7 3000 0 1 26 -12000 21000 15 11 0 0 0 0 8 1 0 0 0 0 1 1 250 0 0
Item = 846 The_Devastator 1 9 1 10 9 9 11 14 7 3000 0 1 21 -18000 40000 19 15 0 0 0 0 8 1 0 0 0 0 1 1 450 0 0
Item = 847 DarkExecutor 1 9 1 8 10 10 10 7 8 4000 0 1 24 -14000 24000 16 13 0 0 0 0 8 1 0 0 0 0 1 1 200 0 0
Item = 848 LightingBlade 1 9 1 8 10 10 10 8 9 4000 0 1 22 -14000 24000 29 13 0 0 0 0 8 1 0 0 0 0 1 1 200 0 0
Item = 849 KlonessBlade 1 9 1 3 13 3 3 14 3 8000 0 1 23 -12000 22000 17 12 0 0 0 0 8 1 7 0 0 0 1 1 250 0 0
Item = 850 KlonessAxe 1 9 1 4 10 2 4 11 2 5000 0 15 11 -8000 25000 28 14 0 0 0 0 10 1 7 0 0 0 1 1 250 0 0
Item = 851 KlonessEsterk 1 8 1 3 7 3 3 8 3 5000 0 1 27 -6000 5000 18 5 0 0 0 0 8 1 7 0 0 0 0 1 200 0 0
Item = 852 CancelManual 3 0 18 76 0 0 0 0 0 0 0 6 91 -100 1 -1 0 0 0 0 0 -1 42 1 0 0 0 2 0 0 0 0
Item = 853 E.S.W.Manual 3 0 18 96 0 0 0 0 0 0 0 6 91 -100 1 -1 0 0 0 0 0 -1 42 1 0 0 0 2 0 0 0 0
Item = 854 KlonessHammer 1 9 1 8 15 8 8 15 8 5000 0 15 13 -25000 25000 59 14 0 0 0 0 14 1 7 -1 -1 -1 1 1 215 0 0
Item = 857 I.M.CManual 3 0 18 83 0 0 0 0 0 0 0 6 91 -100 1 -1 0 0 0 0 0 -1 42 1 0 0 0 2 0 0 0 0
Item = 858 NecklaceOfMerien 1 6 14 4 150 0 0 0 0 300 0 16 54 -20000 1000 -1 0 0 0 0 0 -1 46 0 0 0 0 0 0 0 0 0
Item = 859 NecklaceOfKloness 1 6 14 4 0 0 0 0 0 300 0 16 52 -20000 1000 -1 0 0 0 0 0 -1 46 0 0 0 0 0 0 0 0 0
Item = 860 NecklaceOfXelima 1 6 14 12 100 0 0 0 0 300 0 16 53 -20000 1000 -1 0 0 0 0 0 -1 46 5 0 0 0 0 0 0 0 0
Item = 861 BerserkWand(MS.20) 1 8 13 1 6 0 20 0 0 5000 0 17 4 -12000 1000 34 1 100 0 0 0 21 8 0  0 0 0 2 0 0 0 0
Item = 862 BerserkWand(MS.10) 1 8 13 1 6 0 10 0 0 5000 0 17 4 -12000 1000 34 1 100 0 0 0 21 8 0  0 0 0 2 0 0 0 0
Item = 863 KlonessWand(MS.20) 1 8 13 1 6 0 20 0 0 5000 0 17 5 -14000 1000 39 1 120 0 0 0 21 8 7 0 0 0 2 0 0 0 0
Item = 864 KlonessWand(MS.10) 1 8 13 1 6 0 10 0 0 5000 0 17 5 -14000 1000 39 1 120 0 0 0 21 8 7 0 0 0 2 0 0 0 0
Item = 865 ResurWand(MS.20) 1 8 13 1 6 0 20 0 0 5000 0 17 3 -10000 1000 38 1 100 0 0 0 21 8 0 0 0 0 2 0 0 0 0
Item = 866 ResurWand(MS.10) 1 8 13 1 6 0 10 0 0 5000 0 17 3 -10000 1000 38 1 100 0 0 0 21 8 0 0 0 0 2 0 0 0 0
Item = 867 AcientTablet 3 0 31 7 0 0 0 0 0 1 0 6 155 -1 50 -1 0 0 0 0 0 -1 31 0 -1 -1 -1 0 0 0 0 0
Item = 868 AcientTablet(LU) 10 0 0 0 0 0 0 0 0 1 0 6 151 -1 50 -1 0 0 0 0 0 -1 31 0 -1 -1 -1 0 0 0 0 0
Item = 869 AcientTablet(LD) 10 0 0 0 0 0 0 0 0 1 0 6 152 -1 50 -1 0 0 0 0 0 -1 31 0 -1 -1 -1 0 0 0 0 0
Item = 870 AcientTablet(RU) 10 0 0 0 0 0 0 0 0 1 0 6 153 -1 50 -1 0 0 0 0 0 -1 31 0 -1 -1 -1 0 0 0 0 0
Item = 871 AcientTablet(RD) 10 0 0 0 0 0 0 0 0 1 0 6 154 -1 50 -1 0 0 0 0 0 -1 31 0 -1 -1 -1 0 0 0 0 0
Item = 873 Fire-Bow 1 9 3 14 14 7 14 14 7 1000 0 2 5 6000 7000 43 6 70 0 0 0 6 3 0 -1 -1 -1 3 6 78 0 0
Item = 874 Direction-Bow 1 9 3 10 14 15 10 14 15 1200 0 2 4 7000 10000 42 8 70 0 0 0 6 3 0 -1 -1 -1 3 6 104 0 0
Item = 875 SummonScroll(SOR) 3 0 11 5 9 0 0 0 0 1 9 6 9 -300 1 -1 0 0 0 0 0 -1 42 0 -1 -1 -1 0 0 0 0 0
Item = 876 SummonScroll(ATK) 3 0 11 5 10 0 0 0 0 1 9 6 9 -300 1 -1 0 0 0 0 0 -1 42 0 -1 -1 -1 0 0 0 0 0
Item = 877 SummonScroll(ELF) 3 0 11 5 11 0 0 0 0 1 9 6 9 -300 1 -1 0 0 0 0 0 -1 42 0 -1 -1 -1 0 0 0 0 0
Item = 878 SummonScroll(DSK) 3 0 11 5 12 0 0 0 0 1 9 6 9 -300 1 -1 0 0 0 0 0 -1 42 0 -1 -1 -1 0 0 0 0 0
Item = 879 SummonScroll(HBT) 3 0 11 5 13 0 0 0 0 1 9 6 9 -300 1 -1 0 0 0 0 0 -1 42 0 -1 -1 -1 0 0 0 0 0
Item = 880 SummonScroll(BAR) 3 0 11 5 14 0 0 0 0 1 9 6 9 -300 1 -1 0 0 0 0 0 -1 42 0 -1 -1 -1 0 0 0 0 0
Item = 881 MaginDiamond  1 11 14 14 0 0 0 0 0 300 0 22 6 -8000 200 -1 0 0 0 0 -10 -1 46 9 -1 -1 -1 0 0 0 0 0
Item = 882 MaginRuby 	 1 11 14 13 0 0 0 0 0 300 0 22 8 -5000 200 -1 0 0 0 0 -10 -1 46 9 -1 -1 -1 0 0 0 0 0
Item = 883 MagicEmerald  1 11 14 15 0 0 0 0 0 300 0 22 7 -5000 200 -1 0 0 0 0 -10 -1 46 9 -1 -1 -1 0 0 0 0 0
Item = 884 MagicSapphire 1 11 14 30 0 0 0 0 0 300 0 22 9 -5000 200 -1 0 0 0 0 -10 -1 46 9 -1 -1 -1 0 0 0 0 0
Item = 885 LuckyPrizeTicket 3 0 23 1 0 0 0 0 0 1 9 6 9 -50000 1 -1 0 0 0 0 0 -1 42 0 -1 -1 -1 0 0 0 0 0
Item = 886 MagicNecklace(DF+15) 1 6 14 4 15 0 0 0 0 300 0 16 6 -19000 400 -1 0 50 0 0 -10 -1 46 0 -1 -1 -1 0 0 0 0 0
Item = 887 MagicNecklace(DF+20) 1 6 14 4 20 0 0 0 0 300 0 16 6 -19000 400 -1 0 50 0 0 -10 -1 46 0 -1 -1 -1 0 0 0 0 0
Item = 888 MagicNecklace(DF+25) 1 6 14 4 25 0 0 0 0 300 0 16 6 -19000 400 -1 0 50 0 0 -10 -1 46 0 -1 -1 -1 0 0 0 0 0
Item = 889 MagicNecklace(DF+30) 1 6 14 4 30 0 0 0 0 300 0 16 6 -19000 400 -1 0 50 0 0 -10 -1 46 0 -1 -1 -1 0 0 0 0 0
Item = 890 MagicNecklace(DM+2) 1 6 14 3 2 0 0 0 0 300 0 16 5 -39800 400 -1 0 65 0 0 -10 -1 46 0 -1 -1 -1 0 0 0 0 0
Item = 891 MagicNecklace(DM+3) 1 6 14 3 3 0 0 0 0 300 0 16 5 -39800 400 -1 0 65 0 0 -10 -1 46 0 -1 -1 -1 0 0 0 0 0
Item = 892 MagicNecklace(DM+4) 1 6 14 3 4 0 0 0 0 300 0 16 5 -39800 400 -1 0 65 0 0 -10 -1 46 0 -1 -1 -1 0 0 0 0 0
Item = 893 MagicNecklace(DM+5) 1 6 14 3 5 0 0 0 0 300 0 16 5 -39800 400 -1 0 65 0 0 -10 -1 46 0 -1 -1 -1 0 0 0 0 0
Item = 894 MagicNecklace(MS12) 1 6 14 2 12 0 0 0 0 300 0 16 7 -7000 400 -1 0 50 0 0 -10 -1 46 0 -1 -1 -1 0 0 0 0 0
Item = 895 MagicNecklace(MS14) 1 6 14 2 14 0 0 0 0 300 0 16 7 -7000 400 -1 0 50 0 0 -10 -1 46 0 -1 -1 -1 0 0 0 0 0
Item = 896 MagicNecklace(MS16) 1 6 14 2 16 0 0 0 0 300 0 16 7 -7000 400 -1 0 50 0 0 -10 -1 46 0 -1 -1 -1 0 0 0 0 0
Item = 897 MagicNecklace(MS18) 1 6 14 2 18 0 0 0 0 300 0 16 7 -7000 400 -1 0 50 0 0 -10 -1 46 0 -1 -1 -1 0 0 0 0 0
Item = 898 MagicNecklace(RM15) 1 6 14 1 15 0 0 0 0 300 0 16 4 -2250 400 -1 0 30 0 0 -10 -1 46 0 -1 -1 -1 0 0 0 0 0
Item = 899 MagicNecklace(RM20) 1 6 14 1 20 0 0 0 0 300 0 16 4 -2250 400 -1 0 30 0 0 -10 -1 46 0 -1 -1 -1 0 0 0 0 0
Item = 900 MagicNecklace(RM25) 1 6 14 1 25 0 0 0 0 300 0 16 4 -2250 400 -1 0 30 0 0 -10 -1 46 0 -1 -1 -1 0 0 0 0 0
Item = 901 MagicNecklace(RM30) 1 6 14 1 30 0 0 0 0 300 0 16 4 -2250 400 -1 0 30 0 0 -10 -1 46 0 -1 -1 -1 0 0 0 0 0
Item = 902 DiamondWare 12 0 0 0 0 0 0 0 0 1 0 22 1 -5000 200 1 0 0 30 0 0 -1 46 0 -1 -1 -1 0 0 0 0 0
Item = 903 RubyWare 12 0 0 0 0 0 0 0 0 1 0 22 3 -3000 200 1 0 0 30 0 0 -1 46 0 -1 -1 -1 0 0 0 0 0
Item = 904 SapphireWare 12 0 0 0 0 0 0 0 0 1 0 22 4 -3000 200 1 0 0 30 0 0 -1 46 0 -1 -1 -1 0 0 0 0 0
Item = 905 EmeraldWare 12 0 0 0 0 0 0 0 0 1 0 22 2 -3000 200 1 0 0 30 0 0 -1 46 0 -1 -1 -1 0 0 0 0 0
Item = 906 CrystalWare 12 0 0 0 0 0 0 0 0 1 0 22 5 -500 200 1 0 0 30 0 0 -1 46 0 -1 -1 -1 0 0 0 0 0
Item = 907 CraftingVessel 10 0 0 1 0 0 0 0 0 300 0 22 0 1000 700 -1 0 0 0 0 0 -1 21 0 -1 -1 -1 0 0 0 0 0
Item = 908 AngelicPandent(STR) 1 11 14 16 0 0 0 0 0 300 0 22 11 -3000 200 -1 0 0 0 60 -10 -1 46 6 -1 -1 -1 0 0 0 0 0
Item = 909 AngelicPandent(DEX) 1 11 14 17 0 0 0 0 0 300 0 22 10 -3000 200 -1 0 0 0 60 -10 -1 46 6 -1 -1 -1 0 0 0 0 0
Item = 910 AngelicPandent(INT) 1 11 14 18 0 0 0 0 0 300 0 22 12 -3000 200 -1 0 0 0 60 -10 -1 46 6 -1 -1 -1 0 0 0 0 0
Item = 911 AngelicPandent(MAG) 1 11 14 19 0 0 0 0 0 300 0 22 13 -3000 200 -1 0 0 0 60 -10 -1 46 6 -1 -1 -1 0 0 0 0 0
Item = 912 5thAnniversary 1 10 4 0 0 0 20 0 0 300 0 16 15 -1000 200 -1 0 0 0 0 -10 -1 46 0 -1 -1 -1 0 0 0 0 0
Item = 913 DarkMageHat 1 1 2 12 20 0 14 90 0 30000 0 21 5 -3500 1500 8 0 310 1 -7 -7 -1 6 6 -1 -1 -1 2 4 130 0 0
Item = 914 DarkMageHat(W) 1 1 2 12 20 0 14 90 0 30000 0 21 5 -3500 1500 8 0 310 2 -7 -7 -1 6 6 -1 -1 -1 2 4 130 0 0

Item = 920 ArmorDye(Indigo) 11 0 32 1 0 0 0 0 0 1 0 6 58 1000 1 -1 0 0 0 0 0 -1 42 0 25 0 -1 -1 0 0 0 0 0
Item = 921 ArmorDye(CrimsonRed) 11 0 32 4 0 0 0 0 0 1 0 6 61 1000 1 -1 0 0 0 0 0 -1 42 0 25 0 -1 -1 0 0 0 0 0
Item = 922 ArmorDye(Gold) 11 0 32 3 0 0 0 0 0 1 0 6 60 1000 1 -1 0 0 0 0 0 -1 42 0 25 0 -1 -1 0 0 0 0 0
Item = 923 ArmorDye(Aqua) 11 0 32 7 0 0 0 0 0 1 0 6 64 1000 1 -1 0 0 0 0 0 -1 42 0 25 0 -1 -1 0 0 0 0 0
Item = 924 ArmorDye(Pink) 11 0 32 8 0 0 0 0 0 1 0 6 65 1000 1 -1 0 0 0 0 0 -1 42 0 25 0 -1 -1 0 0 0 0 0
Item = 925 ArmorDye(Violet) 11 0 32 9 0 0 0 0 0 1 0 6 66 1000 1 -1 0 0 0 0 0 -1 42 0 25 0 -1 -1 0 0 0 0 0
Item = 926 ArmorDye(Blue) 11 0 32 10 0 0 0 0 0 1 0 6 67 1000 1 -1 0 0 0 0 0 -1 42 0 25 0 -1 -1 0 0 0 0 0
Item = 927 ArmorDye(White) 11 0 32 12 0 0 0 0 0 1 0 6 69 1000 1 -1 0 0 0 0 0 -1 42 0 25 0 -1 -1 0 0 0 0 0
Item = 928 ArmorDye(Yellow) 11 0 32 13 0 0 0 0 0 1 0 6 70 1000 1 -1 0 0 0 0 0 -1 42 0 25 0 -1 -1 0 0 0 0 0
Item = 929 ArmorDye(Red) 11 0 32 14 0 0 0 0 0 1 0 6 71 1000 1 -1 0 0 0 0 0 -1 42 0 25 0 -1 -1 0 0 0 0 0
Item = 930 ArmorDye(Green) 11 0 32 5 0 0 0 0 0 1 0 6 69 1000 1 -1 0 0 0 0 0 -1 42 5 25 0 -1 -1 0 0 0 0 0
Item = 931 ArmorDye(Black) 11 0 32 15 0 0 0 0 0 1 0 6 71 1000 1 -1 0 0 0 0 0 -1 42 6 25 0 -1 -1 0 0 0 0 0
Item = 932 ArmorDye(Orange) 11 0 32 11 0 0 0 0 0 1 0 6 71 1000 1 -1 0 0 0 0 0 -1 42 6 25 0 -1 -1 0 0 0 0 0
Item = 933 ArmorDye(Gray) 11 0 32 6 0 0 0 0 0 1 0 6 71 1000 1 -1 0 0 0 0 0 -1 42 6 25 0 -1 -1 0 0 0 0 0
Item = 934 ArmorDye(NoColor) 11 0 32 0 0 0 0 0 0 1 0 6 71 1000 1 -1 0 0 0 0 0 -1 42 6 25 0 -1 -1 0 0 0 0 0

Item = 983 HuntSword 1 9 1 1 1 1 7 15 12 3000 0 1 21 -18000 40000 19 15 0 0 0 0 8 1 4 0 0 0 1 1 130 0 0
Item = 984 HeroNeckMage(DM+35) 1 6 14 6 35 0 0 0 0 300 0 16 38 -200 1000 -1 0 310 0 0 0 -1 46 6 0 0 0 2 0 0 0 0
Item = 985 HeroNeckWar(DM+35) 1 6 14 3 35 0 0 0 0 300 0 16 5 -3980 400 -1 0 310 0 0 -10 -1 46 6 0 0 0 1 0 0 0 0
Item = 986 RingOfHeroMage 1 10 14 6 30 0 0 0 0 300 0 16 29 -100 500 -1 0 310 0 0 0 -1 46 9 0 0 0 2 0 0 0 0
Item = 987 RingOfHeroWar 1 10 14 3 30 0 0 0 0 300 0 16 29 -100 500 -1 0 310 0 0 0 -1 46 9 0 0 0 1 0 0 0 0
Item = 988 HeroWand 1 8 13 1 6 0 30 0 0 30000 0 17 2 -6000 1000 37 2 310 0 0 0 21 8 2 0 0 0 2 4 250 1 0
Item = 1005 SupremoHeroWand 1 8 13 1 6 0 35 0 0 30000 3 17 2 6000 1000 37 2 310 0 0 0 21 8 2 0 0 0 2 4 350 1 0
Item = 992 S.O.T.G.Manual 3 0 18 98 0 0 0 0 0 0 0 6 91 -100 1 -1 0 0 0 0 0 -1 42 1 0 0 0 2 0 0 0 0
Item = 1000 KlonessPotion  7 0 35 10 0 0 0 0 0 1 0 6 130 -65 100 -1 0 0 0 0 0 -1 21 12 0 0 0 0 0 0 0 0
Item = 1001 CorruptPotion  7 0 35 -10 0 0 0 0 0 1 0 6 130 -65 100 -1 0 0 0 0 0 -1 21 15 0 0 0 0 0 0 0 0
Item = 1002 Coin 5 0 36 0 0 0 0 0 0 3 0 6 125 5000 4000 -1 0 0 0 0 0 -1 31 0 0 0 1 0 0 0 0 0
Item = 1003 HeroSword 1 9 24 11 11 10 12 14 7 30000 0 1 20 -3700 26000 14 10 310 0 0 0 8 1 4 0 0 0 1 1 250 1 0
Item = 1004 SupremoHeroSword 1 9 24 11 11 12 13 14 7 30000 3 1 20 3700 35000 14 10 310 0 0 0 8 1 4 0 0 0 1 1 350 1 0
Item = 1006 GhostSword 1 9 24 50 40 20 50 40 20 30000 2 1 20 -3700 20000 14 10 310 0 0 0 8 1 0 0 0 0 0 1 500 0 0
Item = 1007 GhostWand 1 8 24 1 6 0 40 0 0 30000 2 17 2 -6000 1000 37 2 310 0 0 0 21 8 0 0 0 0 2 4 500 0 0
Item = 1010 HeroBow 1 9 24 12 14 16 12 14 16 1200 0 2 4 7000 10000 42 8 70 0 0 0 6 3 4 -1 -1 -1 3 6 104 0 0
Item = 1011 SupremoHeroBow 1 9 24 14 16 16 14 16 16 1200 2 2 4 7000 10000 42 8 70 0 0 0 6 3 4 -1 -1 -1 3 6 104 0 0
Item = 1014 RingOfHeroArcher 1 10 14 12 40 0 0 0 0 300 0 16 29 -100 500 -1 0 310 0 0 0 -1 46 9 0 0 0 3 0 0 0 0
Item = 1015 HeroNeckArcher 1 6 14 12 45 0 0 0 0 300 0 16 5 -3980 400 -1 0 310 0 0 -10 -1 46 6 0 0 0 3 0 0 0 0
Item = 1018 MerienHArmor(M) 1 2 24 45 48 0 0 0 0 5000 0 9 7 -40000 10000 8 0 0 1 -5 -5 0 6 5 -1 -1 -1 0 0 0 0 0
Item = 1019 MerienHArmor(W) 1 2 24 45 48 0 0 0 0 5000 0 13 8 -40000 10000 9 0 0 2 -5 -5 0 6 5 -1 -1 -1 0 0 0 0 0
Item = 1022 MerienHRobe(M) 1 2 24 20 20 0 0 0 0 4000 0 9 9 -30000 1500 10 0 0 1 1 0 0 6 5 -1 -1 -1 0 0 0 0 0
Item = 1023 MerienHRobe(W) 1 2 24 20 20 0 0 0 0 4000 0 13 10 -30000 1500 11 0 0 2 0 0 0 6 5 -1 -1 -1 0 0 0 0 0
Item = 1026 MerienHHauberk(M) 1 3 24 15 15 0 0 0 0 2000 0 7 2 -14000 1500 3 0 0 1 -3 -3 0 6 5 -1 -1 -1 0 0 0 0 0
Item = 1027 MerienHHauberk(W) 1 3 24 15 15 0 0 0 0 2000 0 11 3 -14000 1500 4 0 0 2 -3 -3 0 6 5 -1 -1 -1 0 0 0 0 0
Item = 1030 MerienHLeggings(M) 1 4 24 18 25 1 1 1 1 3000 0 8 4 -22000 1500 5 0 0 1 -6 -6 0 6 5 -1 -1 -1 0 0 0 0 0
Item = 1031 MerienHLeggings(W) 1 4 24 18 25 1 1 1 1 3000 0 12 5 -22000 1500 6 0 0 2 -6 -6 0 6 5 -1 -1 -1 0 0 0 0 0
Item = 1032 MagicTrap 10 0 0 1 0 0 0 0 0 1 0 6 156 -100 200 1 0 0 0 0 0 -1 46 0 -1 -1 -1 0 0 0 0 0
Item = 1033 RepairScroll 11 0 37 15 0 0 0 0 0 1 0 6 9 120 1 -1 0 0 0 0 0 -1 42 5 -1 -1 -1 0 0 0 0 0
Item = 1034 BloodyPlate(M) 1 2 25 60 45 0 0 0 0 5000 60 9 3 -45000 10000 4 0 0 1 60 0 0 6 4 -1 -1 -1 1 0 0 0 0
Item = 1035 BloodyPlate(W) 1 2 25 60 45 0 0 0 0 5000 60 13 5 -45000 10000 6 0 0 2 60 0 0 6 4 -1 -1 -1 1 0 0 0 0
Item = 1036 BlackDevastator 1 9 1 10 9 9 11 14 7 3000 0 1 21 -18000 40000 19 15 0 0 0 0 8 1 11 0 0 0 1 1 350 0 0
Item = 1037 StunSB 1 9 1 -1 -1 -1 -1 -1 -1 3000 0 1 26 -12000 21000 15 11 0 0 0 0 8 1 9 0 0 0 1 1 156 0 0
Item = 1038 StripBarbarian 1 9 24 9 7 8 10 11 6 4500 1 15 10 15000 28000 32 15 110 0 0 0 14 1 0 0 0 0 1 1 300 0 0
Item = 1039 SantaPA(M) 1 13 14 10 35 0 0 0 0 1500 0 9 6 18000 1000 7 0 0 1 0 0 0 15 5 0 0 0 0 0 0 0 0
Item = 1040 SantaPA(W) 1 13 14 10 35 0 0 0 0 1500 0 13 7 18000 1000 8 0 0 2 0 0 0 15 5 0 0 0 0 0 0 0 0
Item = 1041 SantaMA(M) 1 13 14 10 35 0 0 0 0 1500 0 9 6 18000 1000 7 0 0 1 0 0 0 15 5 0 0 0 0 0 0 0 0
Item = 1042 SantaMA(W) 1 13 14 10 35 0 0 0 0 1500 0 13 7 18000 1000 8 0 0 2 0 0 0 15 5 0 0 0 0 0 0 0 0
Item = 1043 BelzeSword 1 9 24 9 9 9 9 13 7 1500 1 1 18 8000 23000 13 12 310 0 0 0 8 1 4 0 0 0 1 1 210 0 0
Item = 1044 PlateBow 1 9 3 6 7 8 6 7 8 2500 0 2 3 -8000 8000 40 4 200 0 0 0 6 3 8 0 0 0 3 6 105 0 0
Item = 1045 KnightBow 1 9 3 6 9 8 6 9 8 1000 0 2 5 6000 7000 43 6 250 0 0 0 6 3 5 0 0 0 3 6 210 0 0
Item = 1046 GiantBow 1 9 3 9 8 8 9 8 8 1000 0 2 5 6000 7000 43 6 300 0 0 0 6 3 10 0 0 0 3 6 350 0 0
Item = 1047 IceElementalBow 1 9 24 3 4 5 3 4 5 1000 2 2 5 6000 7000 43 6 200 0 0 0 6 3 7 0 0 0 3 6 250 0 0
Item = 1048 XelimaBow 1 9 24 3 4 5 3 4 5 1000 1 2 5 6000 7000 43 6 200 0 0 0 6 3 8 0 0 0 3 6 250 0 0
Item = 1049 MedusaBow 1 9 24 3 4 5 3 4 5 1000 3 2 5 6000 7000 43 6 200 0 0 0 6 3 9 0 0 0 3 6 250 0 0
Item = 1050 HuntBow 1 9 3 1 1 1 30 30 30 2500 0 2 3 -8000 8000 40 4 0 0 0 0 6 3 4 0 0 0 3 6 130 0 0
Item = 1051 AttunePotion(EARTH) 11 0 42 1 0 0 0 0 0 1 0 6 73 2500 100 0 0 0 0 0 0 -1 21 5 -1 -1 -1 0 0 0 0 0
Item = 1052 AttunePotion(AIR) 	11 0 42 2 0 0 0 0 0 1 0 6 73 2500 100 0 0 0 0 0 0 -1 21 12 -1 -1 -1 0 0 0 0 0
Item = 1053 AttunePotion(FIRE) 	11 0 42 3 0 0 0 0 0 1 0 6 73 2500 100 0 0 0 0 0 0 -1 21 4 -1 -1 -1 0 0 0 0 0
Item = 1054 AttunePotion(WATER) 11 0 42 4 0 0 0 0 0 1 0 6 73 2500 100 0 0 0 0 0 0 -1 21 21 -1 -1 -1 0 0 0 0 0
Item = 1055 AttunePotion(HOLY) 	11 0 42 5 0 0 0 0 0 1 0 6 73 2500 100 0 0 0 0 0 0 -1 21 3 -1 -1 -1 0 0 0 0 0
Item = 1056 AttunePotion(UNHOLY) 11 0 42 6 0 0 0 0 0 1 0 6 73 2500 100 0 0 0 0 0 0 -1 21 20 -1 -1 -1 0 0 0 0 0
Item = 1057 KlonessBow 1 9 3 8 8 8 8 2 2 1000 0 2 20 6000 7000 44 6 300 0 0 0 6 3 7 0 0 0 3 6 250 0 0

Item = 1060 GhostAxe 	1 9 1 4 10 2 4 11 2 5000 0 15 14 -8000 25000 60 14 0 0 0 0 10 1 7 0 0 0 1 1 350 0 0

Item = 1061 GhostHelm(M) 	1 1 2 61 15 0 0 0 0 25000 0 21 12 -1500 10000 14 0 0 1 -7 -7 -1 6 0 0 0 0 1 1 200 1 2
Item = 1062 GhostHelm(W) 	1 1 2 61 15 0 0 0 0 25000 0 21 12 -1500 10000 14 0 0 2 -7 -7 -1 6 0 0 0 0 1 1 200 1 2
Item = 1063 GhostHat(M) 	1 1 2 60 15 0 0 0 0 15000 0 21 13 -1000 1500 13 0 0 1 -7 -7 -1 6 0 0 0 0 2 0 0 1 2
Item = 1064 GhostHat(W) 	1 1 2 60 15 0 0 0 0 15000 0 21 13 -1000 1500 13 0 0 2 -7 -7 -1 6 0 0 0 0 2 0 0 1 2
Item = 1065 GhostArmor(M) 	1 2 2 100 30 0 0 0 0 30000 0 9 14 -3000 10000 13 0 0 1 -5 -5 0 6 0 0 0 0 0 1 250 1 2
Item = 1066 GhostArmor(W) 	1 2 2 100 30 0 0 0 0 30000 0 13 14 -3000 10000 14 0 0 2 -5 -5 0 6 0 0 0 0 0 1 250 1 2
Item = 1067 GhostRobe(M) 	1 2 2 80 22 0 0 0 0 30000 0 9 13 -3000 1500 12 0 0 1 0 0 0 13 0 0 0 0 2 0 0 1 2
Item = 1068 GhostRobe(W) 	1 2 2 80 22 0 0 0 0 30000 0 13 15 -3000 1500 13 0 0 2 0 0 0 13 0 0 0 0 2 0 0 1 2
Item = 1069 GhostHauberk(M) 	1 3 2 55 12 0 0 0 0 20000 0 7 6 -1000 1500 5 0 0 1 -3 -3 0 6 0 0 0 0 0 1 200 1 2
Item = 1070 GhostHauberk(W) 	1 3 2 55 12 0 0 0 0 20000 0 11 6 -1000 1500 6 0 0 2 -3 -3 0 6 0 0 0 0 0 1 200 1 2
Item = 1071 GhostLeggings(M) 	1 4 2 55 11 1 1 1 1 30000 0 8 8 -1500 1500 7 0 0 1 -6 -6 0 6 0 0 0 0 0 1 20 1 2
Item = 1072 GhostLeggings(W) 	1 4 2 55 11 1 1 1 1 30000 0 12 8 -1500 1500 8 0 0 2 -6 -6 0 6 0 0 0 0 0 1 20 1 2

Item = 1376 FireBattleStaff 	1 9 50 0 30 61 60 0 0 4800 0 17 0 -10000 25000 51 1 200 0 0 0 21 8 4 0 0 0 2 5 250 0 0
Item = 1439 LightBattleStaff	1 9 50 0 43 74 10 0 0 4800 0 17 0 -10000 30000 51 1 200 0 0 0 21 8 5 0 0 0 2 5 250 0 0
Item = 1433 ShardBattleStaff 	1 9 50 0 57 72 10 0 0 4800 0 17 0 -20000 30000 51 1 200 0 0 0 21 8 2 0 0 0 2 5 250 0 0

Item = 1434 AirBattleStaff   	1 9 50 0 37 82 10 0 0 4800 0 17 0 -10000 15000 51 1 200 0 0 0 21 8 10 0 0 0 2 5 250 0 0


Item = 1417 EBBattleStaff    	1 9 50 0 10 47 0 0 0 4800 0 17 0  950 5000 51 1 310 0 0 0 21 8 6 0 0 0 2 5 250 0 0
Item = 1418 HealBattleStaff 	1 9 50 0 21 21 0 0 0 4800 0 17 0 -20000 15000 51 1 310 0 0 0 21 8 12 0 0 0 2 5 250 0 0
Item = 1428 EarthBattleStaff 	1 9 50 0 38 64 10 0 0 4800 0 17 0 -10000 15000 51 1 310 0 0 0 21 8 1 0 0 0 2 5 250 0 0
Item = 1502 BegBattleStaff   	1 9 50 0 0 10 0 0 0 4800 0 17 0 1000 7500 51 1 250 0 0 0 21 8 0 0 0 0 2 5 250 0 0

Item = 1435 MetBattleStaff 	1 9 50 0 81 81 10 0 0 4800 0 17 0 -20000 20000 51 1 310 0 0 0 21 8 10 0 0 0 2 5 300 0 0
Item = 1503 TripleBattleStaff   1 9 50 1 81 81 10 0 0 4800 0 17 0 -20000 20000 51 1 310 0 0 0 21 8 10 0 0 0 2 5 300 0 0

Item = 1504 AttributePotion		11 0 46 1 0 0 0 0 0 1 0 6 58 100 1 -1 0 0 0 0 0 -1 42 0 25 0 0 15 0 0 0 0 0

Item = 1073	Attribute(PA)   	11 0 46 1 0 0 0 0 0 1 0 6 65 -1 1 -1 0 0 0 0 0 -1 42 0 0 0 15 0 0 0 0 0 0
Item = 1074 Attribute(MA)		11 0 46 2 0 0 0 0 0 1 0 6 66 -1 1 -1 0 0 0 0 0 -1 42 0 0 0 15 0 0 0 0 0 0
Item = 1075	Attribute(DR)		11 0 46 3 0 0 0 0 0 1 0 6 60 -1 1 -1 0 0 0 0 0 -1 42 0 0 0 15 0 0 0 0 0 0
Item = 1076	Attribute(MR)		11 0 46 4 0 0 0 0 0 1 0 6 62 -1 1 -1 0 0 0 0 0 -1 42 0 0 0 15 0 0 0 0 0 0
Item = 1077	Attribute(HP)    	11 0 46 5 0 0 0 0 0 1 0 6 61 -1 1 -1 0 0 0 0 0 -1 42 0 0 0 15 0 0 0 0 0 0
Item = 1078	Attribute(MP)		11 0 46 6 0 0 0 0 0 1 0 6 64 -1 1 -1 0 0 0 0 0 -1 42 0 0 0 15 0 0 0 0 0 0

[ENDITEMLIST]